candidate_id,symbol,step,bar_index,bar_start_time,open,high,low,close,gap_minutes,contiguous_from_previous,open_atr,high_atr,low_atr,close_atr
M:5m:1:-1:23057:23064:1,M,17,24757,2026-07-06 10:50:00,3017.0,3019.0,3015.0,3017.0,5.0,True,2.5092520142891055,2.92746068333729,2.091043345240921,2.5092520142891055
M:5m:1:-1:23057:23064:1,M,18,24758,2026-07-06 10:55:00,3016.0,3018.0,3015.0,3017.0,5.0,True,2.3001476797650136,2.718356348813198,2.091043345240921,2.5092520142891055
M:5m:1:-1:23057:23064:1,M,19,24759,2026-07-06 11:00:00,3017.0,3018.0,3016.0,3017.0,5.0,True,2.5092520142891055,2.718356348813198,2.3001476797650136,2.5092520142891055
M:5m:1:-1:23057:23064:1,M,20,24760,2026-07-06 11:05:00,3017.0,3022.0,3016.0,3022.0,5.0,True,2.5092520142891055,3.5547736869095665,2.3001476797650136,3.5547736869095665
M:5m:1:-1:23057:23064:1,M,21,24761,2026-07-06 11:10:00,3021.0,3022.0,3020.0,3022.0,5.0,True,3.345669352385474,3.5547736869095665,3.136565017861382,3.5547736869095665
M:5m:1:-1:23057:23064:1,M,22,24762,2026-07-06 11:15:00,3022.0,3022.0,3019.0,3020.0,5.0,True,3.5547736869095665,3.5547736869095665,2.92746068333729,3.136565017861382
M:5m:1:-1:23057:23064:1,M,23,24763,2026-07-06 11:20:00,3020.0,3021.0,3019.0,3020.0,5.0,True,3.136565017861382,3.345669352385474,2.92746068333729,3.136565017861382
M:5m:1:-1:23057:23064:1,M,24,24764,2026-07-06 11:25:00,3020.0,3021.0,3018.0,3019.0,5.0,True,3.136565017861382,3.345669352385474,2.718356348813198,2.92746068333729
M:5m:1:-1:23107:23112:1,M,1,23117,2026-06-01 09:55:00,2981.0,2981.0,2978.0,2978.0,0.0,False,0.0,0.0,-0.7531023466505048,-0.7531023466505048
M:5m:1:-1:23107:23112:1,M,2,23118,2026-06-01 10:00:00,2978.0,2981.0,2978.0,2981.0,5.0,True,-0.7531023466505048,0.0,-0.7531023466505048,0.0
M:5m:1:-1:23107:23112:1,M,3,23119,2026-06-01 10:05:00,2981.0,2982.0,2980.0,2982.0,5.0,True,0.0,0.25103411555016825,-0.25103411555016825,0.25103411555016825
M:5m:1:-1:23107:23112:1,M,4,23120,2026-06-01 10:10:00,2981.0,2984.0,2981.0,2983.0,5.0,True,0.0,0.7531023466505048,0.0,0.5020682311003365
M:5m:1:-1:23107:23112:1,M,5,23121,2026-06-01 10:30:00,2984.0,2984.0,2981.0,2982.0,20.0,False,0.7531023466505048,0.7531023466505048,0.0,0.25103411555016825
M:5m:1:-1:23107:23112:1,M,6,23122,2026-06-01 10:35:00,2983.0,2983.0,2980.0,2980.0,5.0,True,0.5020682311003365,0.5020682311003365,-0.25103411555016825,-0.25103411555016825
M:5m:1:-1:23107:23112:1,M,7,23123,2026-06-01 10:40:00,2981.0,2982.0,2980.0,2982.0,5.0,True,0.0,0.25103411555016825,-0.25103411555016825,0.25103411555016825
M:5m:1:-1:23107:23112:1,M,8,23124,2026-06-01 10:45:00,2981.0,2982.0,2980.0,2980.0,5.0,True,0.0,0.25103411555016825,-0.25103411555016825,-0.25103411555016825
M:5m:1:-1:23107:23112:1,M,9,23125,2026-06-01 10:50:00,2981.0,2982.0,2978.0,2982.0,5.0,True,0.0,0.25103411555016825,-0.7531023466505048,0.25103411555016825
M:5m:1:-1:23107:23112:1,M,10,23126,2026-06-01 10:55:00,2982.0,2984.0,2980.0,2982.0,5.0,True,0.25103411555016825,0.7531023466505048,-0.25103411555016825,0.25103411555016825
M:5m:1:-1:23107:23112:1,M,11,23127,2026-06-01 11:00:00,2982.0,2985.0,2981.0,2983.0,5.0,True,0.25103411555016825,1.004136462200673,0.0,0.5020682311003365
M:5m:1:-1:23107:23112:1,M,12,23128,2026-06-01 11:05:00,2984.0,2985.0,2982.0,2983.0,5.0,True,0.7531023466505048,1.004136462200673,0.25103411555016825,0.5020682311003365
M:5m:1:-1:23107:23112:1,M,13,23129,2026-06-01 11:10:00,2983.0,2985.0,2983.0,2983.0,5.0,True,0.5020682311003365,1.004136462200673,0.5020682311003365,0.5020682311003365
M:5m:1:-1:23107:23112:1,M,14,23130,2026-06-01 11:15:00,2984.0,2984.0,2981.0,2982.0,5.0,True,0.7531023466505048,0.7531023466505048,0.0,0.25103411555016825
M:5m:1:-1:23107:23112:1,M,15,23131,2026-06-01 11:20:00,2981.0,2981.0,2979.0,2979.0,5.0,True,0.0,0.0,-0.5020682311003365,-0.5020682311003365
M:5m:1:-1:23107:23112:1,M,16,23132,2026-06-01 11:25:00,2979.0,2983.0,2979.0,2982.0,5.0,True,-0.5020682311003365,0.5020682311003365,-0.5020682311003365,0.25103411555016825
M:5m:1:-1:23107:23112:1,M,17,23133,2026-06-01 13:30:00,2983.0,2987.0,2983.0,2984.0,125.0,False,0.5020682311003365,1.5062046933010096,0.5020682311003365,0.7531023466505048
M:5m:1:-1:23107:23112:1,M,18,23134,2026-06-01 13:35:00,2984.0,2988.0,2983.0,2986.0,5.0,True,0.7531023466505048,1.757238808851178,0.5020682311003365,1.2551705777508413
M:5m:1:-1:23107:23112:1,M,19,23135,2026-06-01 13:40:00,2986.0,2986.0,2983.0,2985.0,5.0,True,1.2551705777508413,1.2551705777508413,0.5020682311003365,1.004136462200673
M:5m:1:-1:23107:23112:1,M,20,23136,2026-06-01 13:45:00,2984.0,2987.0,2984.0,2987.0,5.0,True,0.7531023466505048,1.5062046933010096,0.7531023466505048,1.5062046933010096
M:5m:1:-1:23107:23112:1,M,21,23137,2026-06-01 13:50:00,2986.0,2988.0,2985.0,2986.0,5.0,True,1.2551705777508413,1.757238808851178,1.004136462200673,1.2551705777508413
M:5m:1:-1:23107:23112:1,M,22,23138,2026-06-01 13:55:00,2985.0,2991.0,2985.0,2989.0,5.0,True,1.004136462200673,2.5103411555016826,1.004136462200673,2.008272924401346
M:5m:1:-1:23107:23112:1,M,23,23139,2026-06-01 14:00:00,2990.0,2993.0,2988.0,2991.0,5.0,True,2.2593070399515143,3.012409386602019,1.757238808851178,2.5103411555016826
M:5m:1:-1:23107:23112:1,M,24,23140,2026-06-01 14:05:00,2991.0,2992.0,2989.0,2989.0,5.0,True,2.5103411555016826,2.761375271051851,2.008272924401346,2.008272924401346
M:5m:1:-1:23107:23112:2,M,1,23121,2026-06-01 10:30:00,2984.0,2984.0,2981.0,2982.0,15.0,False,0.0,0.0,-0.8185786515938794,-0.5457191010625863
M:5m:1:-1:23107:23112:2,M,2,23122,2026-06-01 10:35:00,2983.0,2983.0,2980.0,2980.0,5.0,True,-0.2728595505312931,-0.2728595505312931,-1.0914382021251725,-1.0914382021251725
M:5m:1:-1:23107:23112:2,M,3,23123,2026-06-01 10:40:00,2981.0,2982.0,2980.0,2982.0,5.0,True,-0.8185786515938794,-0.5457191010625863,-1.0914382021251725,-0.5457191010625863
M:5m:1:-1:23107:23112:2,M,4,23124,2026-06-01 10:45:00,2981.0,2982.0,2980.0,2980.0,5.0,True,-0.8185786515938794,-0.5457191010625863,-1.0914382021251725,-1.0914382021251725
M:5m:1:-1:23107:23112:2,M,5,23125,2026-06-01 10:50:00,2981.0,2982.0,2978.0,2982.0,5.0,True,-0.8185786515938794,-0.5457191010625863,-1.6371573031877589,-0.5457191010625863
M:5m:1:-1:23107:23112:2,M,6,23126,2026-06-01 10:55:00,2982.0,2984.0,2980.0,2982.0,5.0,True,-0.5457191010625863,0.0,-1.0914382021251725,-0.5457191010625863
M:5m:1:-1:23107:23112:2,M,7,23127,2026-06-01 11:00:00,2982.0,2985.0,2981.0,2983.0,5.0,True,-0.5457191010625863,0.2728595505312931,-0.8185786515938794,-0.2728595505312931
M:5m:1:-1:23107:23112:2,M,8,23128,2026-06-01 11:05:00,2984.0,2985.0,2982.0,2983.0,5.0,True,0.0,0.2728595505312931,-0.5457191010625863,-0.2728595505312931
M:5m:1:-1:23107:23112:2,M,9,23129,2026-06-01 11:10:00,2983.0,2985.0,2983.0,2983.0,5.0,True,-0.2728595505312931,0.2728595505312931,-0.2728595505312931,-0.2728595505312931
M:5m:1:-1:23107:23112:2,M,10,23130,2026-06-01 11:15:00,2984.0,2984.0,2981.0,2982.0,5.0,True,0.0,0.0,-0.8185786515938794,-0.5457191010625863
M:5m:1:-1:23107:23112:2,M,11,23131,2026-06-01 11:20:00,2981.0,2981.0,2979.0,2979.0,5.0,True,-0.8185786515938794,-0.8185786515938794,-1.3642977526564657,-1.3642977526564657
M:5m:1:-1:23107:23112:2,M,12,23132,2026-06-01 11:25:00,2979.0,2983.0,2979.0,2982.0,5.0,True,-1.3642977526564657,-0.2728595505312931,-1.3642977526564657,-0.5457191010625863
M:5m:1:-1:23107:23112:2,M,13,23133,2026-06-01 13:30:00,2983.0,2987.0,2983.0,2984.0,125.0,False,-0.2728595505312931,0.8185786515938794,-0.2728595505312931,0.0
M:5m:1:-1:23107:23112:2,M,14,23134,2026-06-01 13:35:00,2984.0,2988.0,2983.0,2986.0,5.0,True,0.0,1.0914382021251725,-0.2728595505312931,0.5457191010625863
M:5m:1:-1:23107:23112:2,M,15,23135,2026-06-01 13:40:00,2986.0,2986.0,2983.0,2985.0,5.0,True,0.5457191010625863,0.5457191010625863,-0.2728595505312931,0.2728595505312931
M:5m:1:-1:23107:23112:2,M,16,23136,2026-06-01 13:45:00,2984.0,2987.0,2984.0,2987.0,5.0,True,0.0,0.8185786515938794,0.0,0.8185786515938794
M:5m:1:-1:23107:23112:2,M,17,23137,2026-06-01 13:50:00,2986.0,2988.0,2985.0,2986.0,5.0,True,0.5457191010625863,1.0914382021251725,0.2728595505312931,0.5457191010625863
M:5m:1:-1:23107:23112:2,M,18,23138,2026-06-01 13:55:00,2985.0,2991.0,2985.0,2989.0,5.0,True,0.2728595505312931,1.910016853719052,0.2728595505312931,1.3642977526564657
M:5m:1:-1:23107:23112:2,M,19,23139,2026-06-01 14:00:00,2990.0,2993.0,2988.0,2991.0,5.0,True,1.6371573031877589,2.4557359547816384,1.0914382021251725,1.910016853719052
M:5m:1:-1:23107:23112:2,M,20,23140,2026-06-01 14:05:00,2991.0,2992.0,2989.0,2989.0,5.0,True,1.910016853719052,2.182876404250345,1.3642977526564657,1.3642977526564657
M:5m:1:-1:23107:23112:2,M,21,23141,2026-06-01 14:10:00,2990.0,2990.0,2987.0,2988.0,5.0,True,1.6371573031877589,1.6371573031877589,0.8185786515938794,1.0914382021251725
M:5m:1:-1:23107:23112:2,M,22,23142,2026-06-01 14:15:00,2987.0,2990.0,2987.0,2988.0,5.0,True,0.8185786515938794,1.6371573031877589,0.8185786515938794,1.0914382021251725
M:5m:1:-1:23107:23112:2,M,23,23143,2026-06-01 14:20:00,2989.0,2991.0,2987.0,2991.0,5.0,True,1.3642977526564657,1.910016853719052,0.8185786515938794,1.910016853719052
M:5m:1:-1:23107:23112:2,M,24,23144,2026-06-01 14:25:00,2991.0,2991.0,2989.0,2989.0,5.0,True,1.910016853719052,1.910016853719052,1.3642977526564657,1.3642977526564657
M:5m:1:-1:23107:23112:3,M,1,23127,2026-06-01 11:00:00,2982.0,2985.0,2981.0,2983.0,0.0,False,0.0,0.8707758132183916,-0.2902586044061305,0.2902586044061305
M:5m:1:-1:23107:23112:3,M,2,23128,2026-06-01 11:05:00,2984.0,2985.0,2982.0,2983.0,5.0,True,0.580517208812261,0.8707758132183916,0.0,0.2902586044061305
M:5m:1:-1:23107:23112:3,M,3,23129,2026-06-01 11:10:00,2983.0,2985.0,2983.0,2983.0,5.0,True,0.2902586044061305,0.8707758132183916,0.2902586044061305,0.2902586044061305
M:5m:1:-1:23107:23112:3,M,4,23130,2026-06-01 11:15:00,2984.0,2984.0,2981.0,2982.0,5.0,True,0.580517208812261,0.580517208812261,-0.2902586044061305,0.0
M:5m:1:-1:23107:23112:3,M,5,23131,2026-06-01 11:20:00,2981.0,2981.0,2979.0,2979.0,5.0,True,-0.2902586044061305,-0.2902586044061305,-0.8707758132183916,-0.8707758132183916
M:5m:1:-1:23107:23112:3,M,6,23132,2026-06-01 11:25:00,2979.0,2983.0,2979.0,2982.0,5.0,True,-0.8707758132183916,0.2902586044061305,-0.8707758132183916,0.0
M:5m:1:-1:23107:23112:3,M,7,23133,2026-06-01 13:30:00,2983.0,2987.0,2983.0,2984.0,125.0,False,0.2902586044061305,1.4512930220306526,0.2902586044061305,0.580517208812261
M:5m:1:-1:23107:23112:3,M,8,23134,2026-06-01 13:35:00,2984.0,2988.0,2983.0,2986.0,5.0,True,0.580517208812261,1.7415516264367832,0.2902586044061305,1.161034417624522
M:5m:1:-1:23107:23112:3,M,9,23135,2026-06-01 13:40:00,2986.0,2986.0,2983.0,2985.0,5.0,True,1.161034417624522,1.161034417624522,0.2902586044061305,0.8707758132183916
M:5m:1:-1:23107:23112:3,M,10,23136,2026-06-01 13:45:00,2984.0,2987.0,2984.0,2987.0,5.0,True,0.580517208812261,1.4512930220306526,0.580517208812261,1.4512930220306526
M:5m:1:-1:23107:23112:3,M,11,23137,2026-06-01 13:50:00,2986.0,2988.0,2985.0,2986.0,5.0,True,1.161034417624522,1.7415516264367832,0.8707758132183916,1.161034417624522
M:5m:1:-1:23107:23112:3,M,12,23138,2026-06-01 13:55:00,2985.0,2991.0,2985.0,2989.0,5.0,True,0.8707758132183916,2.6123274396551746,0.8707758132183916,2.031810230842914
M:5m:1:-1:23107:23112:3,M,13,23139,2026-06-01 14:00:00,2990.0,2993.0,2988.0,2991.0,5.0,True,2.322068835249044,3.1928446484674358,1.7415516264367832,2.6123274396551746
M:5m:1:-1:23107:23112:3,M,14,23140,2026-06-01 14:05:00,2991.0,2992.0,2989.0,2989.0,5.0,True,2.6123274396551746,2.902586044061305,2.031810230842914,2.031810230842914
M:5m:1:-1:23107:23112:3,M,15,23141,2026-06-01 14:10:00,2990.0,2990.0,2987.0,2988.0,5.0,True,2.322068835249044,2.322068835249044,1.4512930220306526,1.7415516264367832
M:5m:1:-1:23107:23112:3,M,16,23142,2026-06-01 14:15:00,2987.0,2990.0,2987.0,2988.0,5.0,True,1.4512930220306526,2.322068835249044,1.4512930220306526,1.7415516264367832
M:5m:1:-1:23107:23112:3,M,17,23143,2026-06-01 14:20:00,2989.0,2991.0,2987.0,2991.0,5.0,True,2.031810230842914,2.6123274396551746,1.4512930220306526,2.6123274396551746
M:5m:1:-1:23107:23112:3,M,18,23144,2026-06-01 14:25:00,2991.0,2991.0,2989.0,2989.0,5.0,True,2.6123274396551746,2.6123274396551746,2.031810230842914,2.031810230842914
M:5m:1:-1:23107:23112:3,M,19,23145,2026-06-01 14:30:00,2989.0,2992.0,2989.0,2992.0,5.0,True,2.031810230842914,2.902586044061305,2.031810230842914,2.902586044061305
M:5m:1:-1:23107:23112:3,M,20,23146,2026-06-01 14:35:00,2991.0,2994.0,2991.0,2993.0,5.0,True,2.6123274396551746,3.4831032528735664,2.6123274396551746,3.1928446484674358
M:5m:1:-1:23107:23112:3,M,21,23147,2026-06-01 14:40:00,2993.0,2995.0,2992.0,2995.0,5.0,True,3.1928446484674358,3.7733618572796965,2.902586044061305,3.7733618572796965
M:5m:1:-1:23107:23112:3,M,22,23148,2026-06-01 14:45:00,2994.0,2997.0,2994.0,2995.0,5.0,True,3.4831032528735664,4.353879066091958,3.4831032528735664,3.7733618572796965
M:5m:1:-1:23107:23112:3,M,23,23149,2026-06-01 14:50:00,2994.0,2995.0,2992.0,2993.0,5.0,True,3.4831032528735664,3.7733618572796965,2.902586044061305,3.1928446484674358
M:5m:1:-1:23107:23112:3,M,24,23150,2026-06-01 14:55:00,2992.0,2995.0,2992.0,2993.0,5.0,True,2.902586044061305,3.7733618572796965,2.902586044061305,3.1928446484674358
M:5m:1:-1:23107:23112:4,M,1,23134,2026-06-01 13:35:00,2984.0,2988.0,2983.0,2986.0,0.0,False,0.0,1.1537749997162339,-0.28844374992905847,0.5768874998581169
M:5m:1:-1:23107:23112:4,M,2,23135,2026-06-01 13:40:00,2986.0,2986.0,2983.0,2985.0,5.0,True,0.5768874998581169,0.5768874998581169,-0.28844374992905847,0.28844374992905847
M:5m:1:-1:23107:23112:4,M,3,23136,2026-06-01 13:45:00,2984.0,2987.0,2984.0,2987.0,5.0,True,0.0,0.8653312497871755,0.0,0.8653312497871755
M:5m:1:-1:23107:23112:4,M,4,23137,2026-06-01 13:50:00,2986.0,2988.0,2985.0,2986.0,5.0,True,0.5768874998581169,1.1537749997162339,0.28844374992905847,0.5768874998581169
M:5m:1:-1:23107:23112:4,M,5,23138,2026-06-01 13:55:00,2985.0,2991.0,2985.0,2989.0,5.0,True,0.28844374992905847,2.0191062495034093,0.28844374992905847,1.4422187496452923
M:5m:1:-1:23107:23112:4,M,6,23139,2026-06-01 14:00:00,2990.0,2993.0,2988.0,2991.0,5.0,True,1.730662499574351,2.595993749361526,1.1537749997162339,2.0191062495034093
M:5m:1:-1:23107:23112:4,M,7,23140,2026-06-01 14:05:00,2991.0,2992.0,2989.0,2989.0,5.0,True,2.0191062495034093,2.3075499994324677,1.4422187496452923,1.4422187496452923
M:5m:1:-1:23107:23112:4,M,8,23141,2026-06-01 14:10:00,2990.0,2990.0,2987.0,2988.0,5.0,True,1.730662499574351,1.730662499574351,0.8653312497871755,1.1537749997162339
M:5m:1:-1:23107:23112:4,M,9,23142,2026-06-01 14:15:00,2987.0,2990.0,2987.0,2988.0,5.0,True,0.8653312497871755,1.730662499574351,0.8653312497871755,1.1537749997162339
M:5m:1:-1:23107:23112:4,M,10,23143,2026-06-01 14:20:00,2989.0,2991.0,2987.0,2991.0,5.0,True,1.4422187496452923,2.0191062495034093,0.8653312497871755,2.0191062495034093
M:5m:1:-1:23107:23112:4,M,11,23144,2026-06-01 14:25:00,2991.0,2991.0,2989.0,2989.0,5.0,True,2.0191062495034093,2.0191062495034093,1.4422187496452923,1.4422187496452923
M:5m:1:-1:23107:23112:4,M,12,23145,2026-06-01 14:30:00,2989.0,2992.0,2989.0,2992.0,5.0,True,1.4422187496452923,2.3075499994324677,1.4422187496452923,2.3075499994324677
M:5m:1:-1:23107:23112:4,M,13,23146,2026-06-01 14:35:00,2991.0,2994.0,2991.0,2993.0,5.0,True,2.0191062495034093,2.8844374992905846,2.0191062495034093,2.595993749361526
M:5m:1:-1:23107:23112:4,M,14,23147,2026-06-01 14:40:00,2993.0,2995.0,2992.0,2995.0,5.0,True,2.595993749361526,3.1728812492196434,2.3075499994324677,3.1728812492196434
M:5m:1:-1:23107:23112:4,M,15,23148,2026-06-01 14:45:00,2994.0,2997.0,2994.0,2995.0,5.0,True,2.8844374992905846,3.7497687490777603,2.8844374992905846,3.1728812492196434
M:5m:1:-1:23107:23112:4,M,16,23149,2026-06-01 14:50:00,2994.0,2995.0,2992.0,2993.0,5.0,True,2.8844374992905846,3.1728812492196434,2.3075499994324677,2.595993749361526
M:5m:1:-1:23107:23112:4,M,17,23150,2026-06-01 14:55:00,2992.0,2995.0,2992.0,2993.0,5.0,True,2.3075499994324677,3.1728812492196434,2.3075499994324677,2.595993749361526
M:5m:1:-1:23107:23112:4,M,18,23151,2026-06-01 21:00:00,2989.0,2992.0,2986.0,2987.0,365.0,False,1.4422187496452923,2.3075499994324677,0.5768874998581169,0.8653312497871755
M:5m:1:-1:23107:23112:4,M,19,23152,2026-06-01 21:05:00,2987.0,2991.0,2987.0,2989.0,5.0,True,0.8653312497871755,2.0191062495034093,0.8653312497871755,1.4422187496452923
M:5m:1:-1:23107:23112:4,M,20,23153,2026-06-01 21:10:00,2989.0,2993.0,2989.0,2993.0,5.0,True,1.4422187496452923,2.595993749361526,1.4422187496452923,2.595993749361526
M:5m:1:-1:23107:23112:4,M,21,23154,2026-06-01 21:15:00,2993.0,2993.0,2991.0,2992.0,5.0,True,2.595993749361526,2.595993749361526,2.0191062495034093,2.3075499994324677
M:5m:1:-1:23107:23112:4,M,22,23155,2026-06-01 21:20:00,2992.0,2996.0,2992.0,2996.0,5.0,True,2.3075499994324677,3.461324999148702,2.3075499994324677,3.461324999148702
M:5m:1:-1:23107:23112:4,M,23,23156,2026-06-01 21:25:00,2996.0,2999.0,2994.0,2998.0,5.0,True,3.461324999148702,4.326656248935877,2.8844374992905846,4.038212499006819
M:5m:1:-1:23107:23112:4,M,24,23157,2026-06-01 21:30:00,2998.0,2998.0,2991.0,2992.0,5.0,True,4.038212499006819,4.038212499006819,2.0191062495034093,2.3075499994324677
M:5m:1:1:23117:23134:1,M,1,23167,2026-06-01 22:20:00,2985.0,2986.0,2983.0,2985.0,0.0,False,0.0,0.2563522971306379,-0.5127045942612758,0.0
M:5m:1:1:23117:23134:1,M,2,23168,2026-06-01 22:25:00,2985.0,2987.0,2985.0,2986.0,5.0,True,0.0,0.5127045942612758,0.0,0.2563522971306379
M:5m:1:1:23117:23134:1,M,3,23169,2026-06-01 22:30:00,2986.0,2987.0,2984.0,2984.0,5.0,True,0.2563522971306379,0.5127045942612758,-0.2563522971306379,-0.2563522971306379
M:5m:1:1:23117:23134:1,M,4,23170,2026-06-01 22:35:00,2984.0,2987.0,2984.0,2985.0,5.0,True,-0.2563522971306379,0.5127045942612758,-0.2563522971306379,0.0
M:5m:1:1:23117:23134:1,M,5,23171,2026-06-01 22:40:00,2985.0,2986.0,2985.0,2985.0,5.0,True,0.0,0.2563522971306379,0.0,0.0
M:5m:1:1:23117:23134:1,M,6,23172,2026-06-01 22:45:00,2985.0,2986.0,2984.0,2984.0,5.0,True,0.0,0.2563522971306379,-0.2563522971306379,-0.2563522971306379
M:5m:1:1:23117:23134:1,M,7,23173,2026-06-01 22:50:00,2984.0,2986.0,2984.0,2984.0,5.0,True,-0.2563522971306379,0.2563522971306379,-0.2563522971306379,-0.2563522971306379
M:5m:1:1:23117:23134:1,M,8,23174,2026-06-01 22:55:00,2985.0,2986.0,2984.0,2984.0,5.0,True,0.0,0.2563522971306379,-0.2563522971306379,-0.2563522971306379
M:5m:1:1:23117:23134:1,M,9,23175,2026-06-02 09:00:00,2980.0,2980.0,2975.0,2978.0,605.0,False,-1.2817614856531896,-1.2817614856531896,-2.563522971306379,-1.7944660799144654
M:5m:1:1:23117:23134:1,M,10,23176,2026-06-02 09:05:00,2978.0,2978.0,2973.0,2975.0,5.0,True,-1.7944660799144654,-1.7944660799144654,-3.0762275655676548,-2.563522971306379
M:5m:1:1:23117:23134:1,M,11,23177,2026-06-02 09:10:00,2975.0,2978.0,2974.0,2975.0,5.0,True,-2.563522971306379,-1.7944660799144654,-2.8198752684370167,-2.563522971306379
M:5m:1:1:23117:23134:1,M,12,23178,2026-06-02 09:15:00,2976.0,2979.0,2974.0,2975.0,5.0,True,-2.307170674175741,-1.5381137827838274,-2.8198752684370167,-2.563522971306379
M:5m:1:1:23117:23134:1,M,13,23179,2026-06-02 09:20:00,2975.0,2978.0,2975.0,2976.0,5.0,True,-2.563522971306379,-1.7944660799144654,-2.563522971306379,-2.307170674175741
M:5m:1:1:23117:23134:1,M,14,23180,2026-06-02 09:25:00,2976.0,2977.0,2974.0,2975.0,5.0,True,-2.307170674175741,-2.050818377045103,-2.8198752684370167,-2.563522971306379
M:5m:1:1:23117:23134:1,M,15,23181,2026-06-02 09:30:00,2974.0,2975.0,2970.0,2970.0,5.0,True,-2.8198752684370167,-2.563522971306379,-3.8452844569595683,-3.8452844569595683
M:5m:1:1:23117:23134:1,M,16,23182,2026-06-02 09:35:00,2971.0,2971.0,2966.0,2967.0,5.0,True,-3.5889321598289308,-3.5889321598289308,-4.87069364548212,-4.614341348351482
M:5m:1:1:23117:23134:1,M,17,23183,2026-06-02 09:40:00,2967.0,2967.0,2964.0,2964.0,5.0,True,-4.614341348351482,-4.614341348351482,-5.3833982397433955,-5.3833982397433955
M:5m:1:1:23117:23134:1,M,18,23184,2026-06-02 09:45:00,2965.0,2966.0,2964.0,2965.0,5.0,True,-5.127045942612758,-4.87069364548212,-5.3833982397433955,-5.127045942612758
M:5m:1:1:23117:23134:1,M,19,23185,2026-06-02 09:50:00,2964.0,2968.0,2964.0,2968.0,5.0,True,-5.3833982397433955,-4.357989051220844,-5.3833982397433955,-4.357989051220844
M:5m:1:1:23117:23134:1,M,20,23186,2026-06-02 09:55:00,2968.0,2970.0,2967.0,2967.0,5.0,True,-4.357989051220844,-3.8452844569595683,-4.614341348351482,-4.614341348351482
M:5m:1:1:23117:23134:1,M,21,23187,2026-06-02 10:00:00,2967.0,2971.0,2967.0,2970.0,5.0,True,-4.614341348351482,-3.5889321598289308,-4.614341348351482,-3.8452844569595683
M:5m:1:1:23117:23134:1,M,22,23188,2026-06-02 10:05:00,2970.0,2974.0,2970.0,2972.0,5.0,True,-3.8452844569595683,-2.8198752684370167,-3.8452844569595683,-3.3325798626982928
M:5m:1:1:23117:23134:1,M,23,23189,2026-06-02 10:10:00,2972.0,2974.0,2971.0,2971.0,5.0,True,-3.3325798626982928,-2.8198752684370167,-3.5889321598289308,-3.5889321598289308
M:5m:1:1:23117:23134:1,M,24,23190,2026-06-02 10:30:00,2971.0,2974.0,2970.0,2973.0,20.0,False,-3.5889321598289308,-2.8198752684370167,-3.8452844569595683,-3.0762275655676548
M:5m:1:1:23117:23134:2,M,1,23176,2026-06-02 09:05:00,2978.0,2978.0,2973.0,2975.0,0.0,False,0.0,0.0,-1.4056294650278753,-0.8433776790167252
M:5m:1:1:23117:23134:2,M,2,23177,2026-06-02 09:10:00,2975.0,2978.0,2974.0,2975.0,5.0,True,-0.8433776790167252,0.0,-1.1245035720223002,-0.8433776790167252
M:5m:1:1:23117:23134:2,M,3,23178,2026-06-02 09:15:00,2976.0,2979.0,2974.0,2975.0,5.0,True,-0.5622517860111501,0.28112589300557506,-1.1245035720223002,-0.8433776790167252
M:5m:1:1:23117:23134:2,M,4,23179,2026-06-02 09:20:00,2975.0,2978.0,2975.0,2976.0,5.0,True,-0.8433776790167252,0.0,-0.8433776790167252,-0.5622517860111501
M:5m:1:1:23117:23134:2,M,5,23180,2026-06-02 09:25:00,2976.0,2977.0,2974.0,2975.0,5.0,True,-0.5622517860111501,-0.28112589300557506,-1.1245035720223002,-0.8433776790167252
M:5m:1:1:23117:23134:2,M,6,23181,2026-06-02 09:30:00,2974.0,2975.0,2970.0,2970.0,5.0,True,-1.1245035720223002,-0.8433776790167252,-2.2490071440446004,-2.2490071440446004
M:5m:1:1:23117:23134:2,M,7,23182,2026-06-02 09:35:00,2971.0,2971.0,2966.0,2967.0,5.0,True,-1.9678812510390253,-1.9678812510390253,-3.373510716066901,-3.092384823061326
M:5m:1:1:23117:23134:2,M,8,23183,2026-06-02 09:40:00,2967.0,2967.0,2964.0,2964.0,5.0,True,-3.092384823061326,-3.092384823061326,-3.9357625020780507,-3.9357625020780507
M:5m:1:1:23117:23134:2,M,9,23184,2026-06-02 09:45:00,2965.0,2966.0,2964.0,2965.0,5.0,True,-3.6546366090724756,-3.373510716066901,-3.9357625020780507,-3.6546366090724756
M:5m:1:1:23117:23134:2,M,10,23185,2026-06-02 09:50:00,2964.0,2968.0,2964.0,2968.0,5.0,True,-3.9357625020780507,-2.8112589300557507,-3.9357625020780507,-2.8112589300557507
M:5m:1:1:23117:23134:2,M,11,23186,2026-06-02 09:55:00,2968.0,2970.0,2967.0,2967.0,5.0,True,-2.8112589300557507,-2.2490071440446004,-3.092384823061326,-3.092384823061326
M:5m:1:1:23117:23134:2,M,12,23187,2026-06-02 10:00:00,2967.0,2971.0,2967.0,2970.0,5.0,True,-3.092384823061326,-1.9678812510390253,-3.092384823061326,-2.2490071440446004
M:5m:1:1:23117:23134:2,M,13,23188,2026-06-02 10:05:00,2970.0,2974.0,2970.0,2972.0,5.0,True,-2.2490071440446004,-1.1245035720223002,-2.2490071440446004,-1.6867553580334504
M:5m:1:1:23117:23134:2,M,14,23189,2026-06-02 10:10:00,2972.0,2974.0,2971.0,2971.0,5.0,True,-1.6867553580334504,-1.1245035720223002,-1.9678812510390253,-1.9678812510390253
M:5m:1:1:23117:23134:2,M,15,23190,2026-06-02 10:30:00,2971.0,2974.0,2970.0,2973.0,20.0,False,-1.9678812510390253,-1.1245035720223002,-2.2490071440446004,-1.4056294650278753
M:5m:1:1:23117:23134:2,M,16,23191,2026-06-02 10:35:00,2973.0,2974.0,2972.0,2973.0,5.0,True,-1.4056294650278753,-1.1245035720223002,-1.6867553580334504,-1.4056294650278753
M:5m:1:1:23117:23134:2,M,17,23192,2026-06-02 10:40:00,2973.0,2975.0,2973.0,2973.0,5.0,True,-1.4056294650278753,-0.8433776790167252,-1.4056294650278753,-1.4056294650278753
M:5m:1:1:23117:23134:2,M,18,23193,2026-06-02 10:45:00,2973.0,2974.0,2972.0,2973.0,5.0,True,-1.4056294650278753,-1.1245035720223002,-1.6867553580334504,-1.4056294650278753
M:5m:1:1:23117:23134:2,M,19,23194,2026-06-02 10:50:00,2973.0,2976.0,2973.0,2974.0,5.0,True,-1.4056294650278753,-0.5622517860111501,-1.4056294650278753,-1.1245035720223002
M:5m:1:1:23117:23134:2,M,20,23195,2026-06-02 10:55:00,2974.0,2975.0,2974.0,2974.0,5.0,True,-1.1245035720223002,-0.8433776790167252,-1.1245035720223002,-1.1245035720223002
M:5m:1:1:23117:23134:2,M,21,23196,2026-06-02 11:00:00,2974.0,2977.0,2974.0,2977.0,5.0,True,-1.1245035720223002,-0.28112589300557506,-1.1245035720223002,-0.28112589300557506
M:5m:1:1:23117:23134:2,M,22,23197,2026-06-02 11:05:00,2977.0,2977.0,2975.0,2976.0,5.0,True,-0.28112589300557506,-0.28112589300557506,-0.8433776790167252,-0.5622517860111501
M:5m:1:1:23117:23134:2,M,23,23198,2026-06-02 11:10:00,2976.0,2977.0,2974.0,2974.0,5.0,True,-0.5622517860111501,-0.28112589300557506,-1.1245035720223002,-1.1245035720223002
M:5m:1:1:23117:23134:2,M,24,23199,2026-06-02 11:15:00,2974.0,2977.0,2974.0,2977.0,5.0,True,-1.1245035720223002,-0.28112589300557506,-1.1245035720223002,-0.28112589300557506
M:5m:1:1:23141:23147:1,M,1,23152,2026-06-01 21:05:00,2987.0,2991.0,2987.0,2989.0,0.0,False,0.0,1.115238944128039,0.0,0.5576194720640195
M:5m:1:1:23141:23147:1,M,2,23153,2026-06-01 21:10:00,2989.0,2993.0,2989.0,2993.0,5.0,True,0.5576194720640195,1.6728584161920586,0.5576194720640195,1.6728584161920586
M:5m:1:1:23141:23147:1,M,3,23154,2026-06-01 21:15:00,2993.0,2993.0,2991.0,2992.0,5.0,True,1.6728584161920586,1.6728584161920586,1.115238944128039,1.394048680160049
M:5m:1:1:23141:23147:1,M,4,23155,2026-06-01 21:20:00,2992.0,2996.0,2992.0,2996.0,5.0,True,1.394048680160049,2.509287624288088,1.394048680160049,2.509287624288088
M:5m:1:1:23141:23147:1,M,5,23156,2026-06-01 21:25:00,2996.0,2999.0,2994.0,2998.0,5.0,True,2.509287624288088,3.345716832384117,1.9516681522240684,3.0669070963521072
M:5m:1:1:23141:23147:1,M,6,23157,2026-06-01 21:30:00,2998.0,2998.0,2991.0,2992.0,5.0,True,3.0669070963521072,3.0669070963521072,1.115238944128039,1.394048680160049
M:5m:1:1:23141:23147:1,M,7,23158,2026-06-01 21:35:00,2991.0,2992.0,2986.0,2987.0,5.0,True,1.115238944128039,1.394048680160049,-0.27880973603200976,0.0
M:5m:1:1:23141:23147:1,M,8,23159,2026-06-01 21:40:00,2988.0,2989.0,2985.0,2985.0,5.0,True,0.27880973603200976,0.5576194720640195,-0.5576194720640195,-0.5576194720640195
M:5m:1:1:23141:23147:1,M,9,23160,2026-06-01 21:45:00,2986.0,2988.0,2984.0,2987.0,5.0,True,-0.27880973603200976,0.27880973603200976,-0.8364292080960293,0.0
M:5m:1:1:23141:23147:1,M,10,23161,2026-06-01 21:50:00,2986.0,2989.0,2986.0,2987.0,5.0,True,-0.27880973603200976,0.5576194720640195,-0.27880973603200976,0.0
M:5m:1:1:23141:23147:1,M,11,23162,2026-06-01 21:55:00,2987.0,2989.0,2987.0,2987.0,5.0,True,0.0,0.5576194720640195,0.0,0.0
M:5m:1:1:23141:23147:1,M,12,23163,2026-06-01 22:00:00,2988.0,2988.0,2986.0,2987.0,5.0,True,0.27880973603200976,0.27880973603200976,-0.27880973603200976,0.0
M:5m:1:1:23141:23147:1,M,13,23164,2026-06-01 22:05:00,2986.0,2988.0,2985.0,2987.0,5.0,True,-0.27880973603200976,0.27880973603200976,-0.5576194720640195,0.0
M:5m:1:1:23141:23147:1,M,14,23165,2026-06-01 22:10:00,2988.0,2988.0,2982.0,2982.0,5.0,True,0.27880973603200976,0.27880973603200976,-1.394048680160049,-1.394048680160049
M:5m:1:1:23141:23147:1,M,15,23166,2026-06-01 22:15:00,2983.0,2986.0,2981.0,2985.0,5.0,True,-1.115238944128039,-0.27880973603200976,-1.6728584161920586,-0.5576194720640195
M:5m:1:1:23141:23147:1,M,16,23167,2026-06-01 22:20:00,2985.0,2986.0,2983.0,2985.0,5.0,True,-0.5576194720640195,-0.27880973603200976,-1.115238944128039,-0.5576194720640195
M:5m:1:1:23141:23147:1,M,17,23168,2026-06-01 22:25:00,2985.0,2987.0,2985.0,2986.0,5.0,True,-0.5576194720640195,0.0,-0.5576194720640195,-0.27880973603200976
M:5m:1:1:23141:23147:1,M,18,23169,2026-06-01 22:30:00,2986.0,2987.0,2984.0,2984.0,5.0,True,-0.27880973603200976,0.0,-0.8364292080960293,-0.8364292080960293
M:5m:1:1:23141:23147:1,M,19,23170,2026-06-01 22:35:00,2984.0,2987.0,2984.0,2985.0,5.0,True,-0.8364292080960293,0.0,-0.8364292080960293,-0.5576194720640195
M:5m:1:1:23141:23147:1,M,20,23171,2026-06-01 22:40:00,2985.0,2986.0,2985.0,2985.0,5.0,True,-0.5576194720640195,-0.27880973603200976,-0.5576194720640195,-0.5576194720640195
M:5m:1:1:23141:23147:1,M,21,23172,2026-06-01 22:45:00,2985.0,2986.0,2984.0,2984.0,5.0,True,-0.5576194720640195,-0.27880973603200976,-0.8364292080960293,-0.8364292080960293
M:5m:1:1:23141:23147:1,M,22,23173,2026-06-01 22:50:00,2984.0,2986.0,2984.0,2984.0,5.0,True,-0.8364292080960293,-0.27880973603200976,-0.8364292080960293,-0.8364292080960293
M:5m:1:1:23141:23147:1,M,23,23174,2026-06-01 22:55:00,2985.0,2986.0,2984.0,2984.0,5.0,True,-0.5576194720640195,-0.27880973603200976,-0.8364292080960293,-0.8364292080960293
M:5m:1:1:23141:23147:1,M,24,23175,2026-06-02 09:00:00,2980.0,2980.0,2975.0,2978.0,605.0,False,-1.9516681522240684,-1.9516681522240684,-3.345716832384117,-2.509287624288088
M:5m:1:1:23151:23156:1,M,1,23158,2026-06-01 21:35:00,2991.0,2992.0,2986.0,2987.0,0.0,False,0.0,0.25632671767438114,-1.2816335883719057,-1.0253068706975246
M:5m:1:1:23151:23156:1,M,2,23159,2026-06-01 21:40:00,2988.0,2989.0,2985.0,2985.0,5.0,True,-0.7689801530231434,-0.5126534353487623,-1.5379603060462868,-1.5379603060462868
M:5m:1:1:23151:23156:1,M,3,23160,2026-06-01 21:45:00,2986.0,2988.0,2984.0,2987.0,5.0,True,-1.2816335883719057,-0.7689801530231434,-1.794287023720668,-1.0253068706975246
M:5m:1:1:23151:23156:1,M,4,23161,2026-06-01 21:50:00,2986.0,2989.0,2986.0,2987.0,5.0,True,-1.2816335883719057,-0.5126534353487623,-1.2816335883719057,-1.0253068706975246
M:5m:1:1:23151:23156:1,M,5,23162,2026-06-01 21:55:00,2987.0,2989.0,2987.0,2987.0,5.0,True,-1.0253068706975246,-0.5126534353487623,-1.0253068706975246,-1.0253068706975246
M:5m:1:1:23151:23156:1,M,6,23163,2026-06-01 22:00:00,2988.0,2988.0,2986.0,2987.0,5.0,True,-0.7689801530231434,-0.7689801530231434,-1.2816335883719057,-1.0253068706975246
M:5m:1:1:23151:23156:1,M,7,23164,2026-06-01 22:05:00,2986.0,2988.0,2985.0,2987.0,5.0,True,-1.2816335883719057,-0.7689801530231434,-1.5379603060462868,-1.0253068706975246
M:5m:1:1:23151:23156:1,M,8,23165,2026-06-01 22:10:00,2988.0,2988.0,2982.0,2982.0,5.0,True,-0.7689801530231434,-0.7689801530231434,-2.3069404590694305,-2.3069404590694305
M:5m:1:1:23151:23156:1,M,9,23166,2026-06-01 22:15:00,2983.0,2986.0,2981.0,2985.0,5.0,True,-2.050613741395049,-1.2816335883719057,-2.5632671767438113,-1.5379603060462868
M:5m:1:1:23151:23156:1,M,10,23167,2026-06-01 22:20:00,2985.0,2986.0,2983.0,2985.0,5.0,True,-1.5379603060462868,-1.2816335883719057,-2.050613741395049,-1.5379603060462868
M:5m:1:1:23151:23156:1,M,11,23168,2026-06-01 22:25:00,2985.0,2987.0,2985.0,2986.0,5.0,True,-1.5379603060462868,-1.0253068706975246,-1.5379603060462868,-1.2816335883719057
M:5m:1:1:23151:23156:1,M,12,23169,2026-06-01 22:30:00,2986.0,2987.0,2984.0,2984.0,5.0,True,-1.2816335883719057,-1.0253068706975246,-1.794287023720668,-1.794287023720668
M:5m:1:1:23151:23156:1,M,13,23170,2026-06-01 22:35:00,2984.0,2987.0,2984.0,2985.0,5.0,True,-1.794287023720668,-1.0253068706975246,-1.794287023720668,-1.5379603060462868
M:5m:1:1:23151:23156:1,M,14,23171,2026-06-01 22:40:00,2985.0,2986.0,2985.0,2985.0,5.0,True,-1.5379603060462868,-1.2816335883719057,-1.5379603060462868,-1.5379603060462868
M:5m:1:1:23151:23156:1,M,15,23172,2026-06-01 22:45:00,2985.0,2986.0,2984.0,2984.0,5.0,True,-1.5379603060462868,-1.2816335883719057,-1.794287023720668,-1.794287023720668
M:5m:1:1:23151:23156:1,M,16,23173,2026-06-01 22:50:00,2984.0,2986.0,2984.0,2984.0,5.0,True,-1.794287023720668,-1.2816335883719057,-1.794287023720668,-1.794287023720668
M:5m:1:1:23151:23156:1,M,17,23174,2026-06-01 22:55:00,2985.0,2986.0,2984.0,2984.0,5.0,True,-1.5379603060462868,-1.2816335883719057,-1.794287023720668,-1.794287023720668
M:5m:1:1:23151:23156:1,M,18,23175,2026-06-02 09:00:00,2980.0,2980.0,2975.0,2978.0,605.0,False,-2.8195938944181926,-2.8195938944181926,-4.101227482790098,-3.332247329766955
M:5m:1:1:23151:23156:1,M,19,23176,2026-06-02 09:05:00,2978.0,2978.0,2973.0,2975.0,5.0,True,-3.332247329766955,-3.332247329766955,-4.613880918138861,-4.101227482790098
M:5m:1:1:23151:23156:1,M,20,23177,2026-06-02 09:10:00,2975.0,2978.0,2974.0,2975.0,5.0,True,-4.101227482790098,-3.332247329766955,-4.357554200464479,-4.101227482790098
M:5m:1:1:23151:23156:1,M,21,23178,2026-06-02 09:15:00,2976.0,2979.0,2974.0,2975.0,5.0,True,-3.844900765115717,-3.0759206120925735,-4.357554200464479,-4.101227482790098
M:5m:1:1:23151:23156:1,M,22,23179,2026-06-02 09:20:00,2975.0,2978.0,2975.0,2976.0,5.0,True,-4.101227482790098,-3.332247329766955,-4.101227482790098,-3.844900765115717
M:5m:1:1:23151:23156:1,M,23,23180,2026-06-02 09:25:00,2976.0,2977.0,2974.0,2975.0,5.0,True,-3.844900765115717,-3.588574047441336,-4.357554200464479,-4.101227482790098
M:5m:1:1:23151:23156:1,M,24,23181,2026-06-02 09:30:00,2974.0,2975.0,2970.0,2970.0,5.0,True,-4.357554200464479,-4.101227482790098,-5.382861071162004,-5.382861071162004
