risk_ATR,wf,model,roc_auc_lo,roc_auc_hi,pr_auc_lo,pr_auc_hi,brier_lo,brier_hi,bottom20_gain_lo,bottom20_gain_hi
0.25,WF1,M0,0.5572370623928372,0.5982032085844136,0.41853589339517844,0.48506952896315286,0.23112309595367664,0.2392363803709402,0.07037236367823065,0.12013170658533306
0.25,WF1,M_G1,0.7499113029409779,0.7827441071047488,0.6949524976078063,0.7425207347874875,0.17758329463854028,0.1899902751430756,0.19545824127402078,0.2503984770941323
0.25,WF1,M_G2,0.5597844730979344,0.6005619886005944,0.42073055757045563,0.4873370603652983,0.23056907101366333,0.2385981715134528,0.07286308731393065,0.12220318063540779
0.25,WF1,M_G3,0.6774349648549467,0.7074078321180678,0.5640016315198498,0.6226120798789034,0.20744299663266624,0.2157127830983669,0.1776319272131145,0.21470663001550735
0.25,WF1,M_G4,0.6755586499799338,0.7100499137307102,0.5714570669465621,0.6333091976823845,0.21095878504737622,0.2239067392334337,0.1538308875800344,0.20515706585368262
0.25,WF1,M_G5,0.5962407861275183,0.6323959184491998,0.4742758191189847,0.5285540436842798,0.2256534543295089,0.2352197718593807,0.08435162804148237,0.1335234432365546
0.25,WF1,M_simple,0.7505535772990416,0.7824621532495147,0.694589231052177,0.7423389182290259,0.17770447478371268,0.19038895866032723,0.19711715585435502,0.25050398086306885
0.25,WF1,M_field,0.7222186804810817,0.7564952961626868,0.6384277333529804,0.6973790261421451,0.19391563279217053,0.20757088572277718,0.19673581151693761,0.24472120867204875
0.25,WF1,M_B2_full,0.7221092790817029,0.7566465101457815,0.6400669814813859,0.6984635051326994,0.19373679784671585,0.20734415589505617,0.1976744674049814,0.24384247229889805
0.25,WF1,M_ob,0.5528652136318915,0.5931680454680884,0.4168050579185498,0.4843623178387199,0.23283818683134833,0.24188170959365018,0.057915795687641485,0.10764108305293184
0.25,WF1,M_full,0.7212681472859005,0.7562084367921946,0.6387030175694491,0.697960171698848,0.1950253370607067,0.20923431369232165,0.19259223030896733,0.2467012619678823
0.25,WF1,M_full_minus_ob,0.7231314006048187,0.7575784418694945,0.6392983293853544,0.7002895729391874,0.19615117602654766,0.20991622676102883,0.19523927615964504,0.2455125117899039
0.25,WF1,M_B2mG1,0.6846429459735073,0.7197663413774641,0.581193478853441,0.6418318462679548,0.20975517457887558,0.22331682483145832,0.16917865636787308,0.22159406448390423
0.25,WF1,M_B2mG2,0.7209470698068046,0.7560071458858764,0.6355803424682726,0.694921443312847,0.19493017686149777,0.2085795648636513,0.1934818171735241,0.24074900601914928
0.25,WF1,M_B2mG3,0.7230078039418718,0.757797375744684,0.6386039660729113,0.6976536285077651,0.1927857954166934,0.2065512398250995,0.19575478238574437,0.2453387649180978
0.25,WF1,M_B2mG4,0.7518327665882331,0.7836313686483739,0.6953005583064908,0.7439273990825943,0.17739088831715283,0.18999353395072247,0.2012697887254122,0.25160825308639767
0.25,WF1,M_B2mG5,0.7217180200162013,0.7562118314054163,0.6392385235522227,0.6975829674589411,0.19416051189450556,0.2077712750335761,0.19689688210500378,0.24367757459668085
0.25,WF2,M0,0.5401573979205038,0.5817065913214694,0.3727121702678484,0.4494554591452644,0.2258253672621066,0.23289056531361077,0.06269054542112906,0.1152631160751133
0.25,WF2,M_G1,0.7443945192288345,0.7754766126446889,0.663922988814147,0.7203443137186181,0.17502346879994357,0.18701015078976294,0.20316253004742432,0.2457244288922276
0.25,WF2,M_G2,0.532832446969343,0.572411408867223,0.3701841909558273,0.43789237886926347,0.23133836318224668,0.23702581781213491,0.06016377377024875,0.11044524341798978
0.25,WF2,M_G3,0.6675686679651822,0.7035786748106572,0.5148538276595271,0.5842592300833593,0.203295092369783,0.21249829528588482,0.15789382119749765,0.20224184896348799
0.25,WF2,M_G4,0.686387252513615,0.7231035042435585,0.5536607022735011,0.6330208561437993,0.1953967345566924,0.2082888177951233,0.1361274788886066,0.1913916181271703
0.25,WF2,M_G5,0.5768598863843886,0.616692661196675,0.41482570761829657,0.48415283382083135,0.22249781465643895,0.23035029136117793,0.08134872849259553,0.12825664979770582
0.25,WF2,M_simple,0.7440796121926023,0.775842871467742,0.6631043190087947,0.7199107155364297,0.17519505501954608,0.1871712745839957,0.20354995019211822,0.2463450772654076
0.25,WF2,M_field,0.7212328725219137,0.7552750635370641,0.6112635248172883,0.6923800186522724,0.1825097002308868,0.19671946187350414,0.16477474823581503,0.21181868163183037
0.25,WF2,M_B2_full,0.7220798208139803,0.7557473579238675,0.6122310210147308,0.6930311699664184,0.1826368919796495,0.19613018158969153,0.16761544585698593,0.2112844393263459
0.25,WF2,M_ob,0.5270005019741228,0.5712472233018995,0.3621750495035532,0.43901566176381884,0.22919318435106065,0.23631318245506772,0.04845842973307701,0.1033153300639579
0.25,WF2,M_full,0.7239040330213687,0.7566137787925157,0.6118131902542989,0.6935339116346452,0.18260347933790186,0.19640686989957135,0.16516901597681116,0.21404850564153288
0.25,WF2,M_full_minus_ob,0.7243725480651936,0.7574604041581691,0.6117386652462466,0.6940080672704987,0.18275322063011537,0.19625407209724677,0.16737472855066832,0.214284179378122
0.25,WF2,M_B2mG1,0.691661127420152,0.7270041214710815,0.5630420209367893,0.6416943000112008,0.19426311509164962,0.2073212945872964,0.14684073958880262,0.19819085765910585
0.25,WF2,M_B2mG2,0.7263798501906218,0.7593918056590592,0.6149570194132279,0.6944203807204574,0.18121709273974612,0.19467726717739328,0.1723968753254578,0.21913327399534072
0.25,WF2,M_B2mG3,0.7218586282385563,0.7559792479995492,0.611075755614963,0.6921454683223179,0.18241915422758218,0.19642749134895432,0.1681992190574919,0.2133755825371932
0.25,WF2,M_B2mG4,0.7453552731663863,0.776218694721448,0.6628214617056158,0.7206746229135403,0.17512612372914396,0.18674962280007276,0.2073074049828645,0.2502980905015784
0.25,WF2,M_B2mG5,0.7210995364563211,0.754944863070006,0.6117966093514452,0.6929867726250478,0.18267332414990387,0.19643556932913497,0.16515716877948755,0.2111547537326765
0.25,WF3,M0,0.5477852154912787,0.5823904587886635,0.3654337510830761,0.4161950220200132,0.22178848949436966,0.23005428165101466,0.04738423623157271,0.10593149371150651
0.25,WF3,M_G1,0.7505781174392121,0.7808079935618026,0.6614816033203057,0.7105409804277947,0.1699494840763168,0.18184196607431277,0.1908144563460907,0.22700713006940385
0.25,WF3,M_G2,0.5555744507637258,0.593240662456127,0.38608736736124055,0.4417605782598904,0.22057824901324347,0.22927387245010594,0.035928682517176125,0.08724437117924315
0.25,WF3,M_G3,0.6801515580618723,0.7076489531092248,0.5260382580419976,0.5786927167556721,0.19824496588020146,0.2076094547088967,0.15643987964964576,0.19747186343620668
0.25,WF3,M_G4,0.7073175860439518,0.7376846131453851,0.5695570690901818,0.6351517058415033,0.1882102296490421,0.19952722573475942,0.16867228964944891,0.20528610712966
0.25,WF3,M_G5,0.582051059258057,0.6162181181277507,0.42394041280952355,0.48211889453377316,0.21671643471189847,0.22583168867427628,0.058115075290326536,0.11570111266966514
0.25,WF3,M_simple,0.7505515212893235,0.7807201034631615,0.661050110294978,0.7102389580731027,0.1699559787189766,0.18173731661381795,0.18859982828797928,0.22527482415319955
0.25,WF3,M_field,0.7428645021819416,0.7700721682663738,0.6453626859870965,0.6974974423255345,0.17383410368709215,0.1852507503668447,0.18124469085386077,0.2253292985473112
0.25,WF3,M_B2_full,0.7424699488214249,0.7693109980065591,0.6463662540225501,0.6979818595988668,0.1737661266749447,0.1854421026035469,0.18089681405154248,0.2258596278870877
0.25,WF3,M_ob,0.5485715683410008,0.5823902452593188,0.37088849217035885,0.4172401090561537,0.22122976571337621,0.230361756223143,0.05332586714487192,0.10434061356558715
0.25,WF3,M_full,0.7374308229931696,0.765419768222316,0.6412973975296983,0.6929451410878413,0.1751476573443447,0.1872894877471007,0.17605982570892392,0.21548609540154656
0.25,WF3,M_full_minus_ob,0.7393111389445237,0.7676142110565707,0.6420607692817093,0.695919873363575,0.1753514735756256,0.18711809074663988,0.17155955881727064,0.2131765558476982
0.25,WF3,M_B2mG1,0.709928453855987,0.7394020615232981,0.5818613417725916,0.6420364218805918,0.18759835601030928,0.19887149502285323,0.15756325992050624,0.19761082470488686
0.25,WF3,M_B2mG2,0.7430054932186209,0.7699875013837609,0.6471815978716542,0.6989485551820526,0.17359397358654963,0.18524858841395392,0.1814518077574538,0.22513015565539074
0.25,WF3,M_B2mG3,0.7432921613496546,0.7701373310779535,0.6466165728613092,0.6987444575786365,0.17369112200748177,0.1852771597614049,0.18096056088019613,0.2248450931508733
0.25,WF3,M_B2mG4,0.7501824295382997,0.7802473206188013,0.6614291413361193,0.7106243404596237,0.16977937930444686,0.1817684819813356,0.18948626336849958,0.22584274196177662
0.25,WF3,M_B2mG5,0.7418572349186986,0.7688052329477442,0.6449506854037216,0.6968164308405068,0.17410221444831642,0.1854924888048352,0.17899608742879963,0.22402055169933785
0.5,WF1,M0,0.5808167558513121,0.612489886752616,0.6337362006596633,0.6779102391577079,0.23490624825058892,0.2402419250294548,0.11050169322319287,0.1534171335839409
0.5,WF1,M_G1,0.7779001353214309,0.802930943778247,0.8354147693175137,0.8607891462362042,0.17776235127092377,0.18882786060671608,0.30213240636385086,0.351581735113813
0.5,WF1,M_G2,0.5821210709086253,0.613735222292961,0.6355262720906709,0.6799055377904712,0.2342027525188225,0.23969730465481878,0.11073460541713277,0.15347830484476407
0.5,WF1,M_G3,0.7061869265318378,0.7310831433435151,0.7589667185770098,0.7906507104885875,0.20445366511934351,0.2132063439897821,0.24189939135910876,0.2790518495563522
0.5,WF1,M_G4,0.707663906774669,0.7342434132651745,0.7652969372072512,0.7995545723616909,0.2046218947563838,0.21615013666138205,0.2281879403239266,0.27910751395148437
0.5,WF1,M_G5,0.6194552071662076,0.647595111120475,0.6812867949599688,0.7217359061676377,0.22888871885205148,0.23500950174109347,0.12872344856649745,0.17118638264800093
0.5,WF1,M_simple,0.7776720295511658,0.8025894185904021,0.8351311536173414,0.8604412356963553,0.1781824849386983,0.18921832982928058,0.30070434601135254,0.3474515904368444
0.5,WF1,M_field,0.7555190341245498,0.7800123700886512,0.8134972385571815,0.8409033907157036,0.18786359946318482,0.19976140099482023,0.2712667352171559,0.31765407564907894
0.5,WF1,M_B2_full,0.7558822530648306,0.7808692726101657,0.8141470891684275,0.8416206452807476,0.18785805226164834,0.19956730103230558,0.27433837860839816,0.31881918238394924
0.5,WF1,M_ob,0.5740408125092858,0.607175516479477,0.6246219144631836,0.6704824589069898,0.2388557914125728,0.24368621502866383,0.09663943733774741,0.14280714186769464
0.5,WF1,M_full,0.7525468496718201,0.7777402840044023,0.8123048951255539,0.8403807044047011,0.18914535885436484,0.2010600320919186,0.26694066046190157,0.31259391808862447
0.5,WF1,M_full_minus_ob,0.7563826570838603,0.7809482868708373,0.8151190321962117,0.8423238345772175,0.1879052733389524,0.1995077429971999,0.27780714509003984,0.32481548724620285
0.5,WF1,M_B2mG1,0.7214326428109454,0.7482373063789275,0.7758352552273908,0.8096597389838287,0.20019184508933574,0.21288211529534984,0.24703155743471916,0.29639181674939047
0.5,WF1,M_B2mG2,0.7589713807259694,0.7832360091834721,0.8130020435121219,0.8411290578669037,0.1861183813498992,0.19753773460312077,0.28431067161640994,0.32844287233329883
0.5,WF1,M_B2mG3,0.7564659852207636,0.7809794297179675,0.8144575634200858,0.8417456546453999,0.18749508313196117,0.19910861603960664,0.27239101269500926,0.3184292322789555
0.5,WF1,M_B2mG4,0.7781222713490307,0.8026038643084429,0.8357666323703473,0.8604675157501095,0.178097942679508,0.18900074225887936,0.30704351938863433,0.3510331122102275
0.5,WF1,M_B2mG5,0.7551293472874134,0.780142438407044,0.813423235843968,0.8410363376155073,0.1880478369327173,0.20008859246794272,0.27440334735054633,0.3193313181999025
0.5,WF2,M0,0.5770998874073572,0.6082917308363128,0.5912639773902036,0.6504968172883024,0.23758487629346006,0.24561738864612762,0.11018792294202945,0.15884593364290392
0.5,WF2,M_G1,0.7731625929663954,0.7947792350060701,0.8174784152491185,0.8461465422548169,0.18323200450966148,0.1932619728605768,0.2994133980028038,0.3419812349134726
0.5,WF2,M_G2,0.5543221479771822,0.5884521865050554,0.5777420986654963,0.6335704168394002,0.2422480655891989,0.25235667963627584,0.10467545361343948,0.1562777405331028
0.5,WF2,M_G3,0.7005497757766165,0.7305057467537639,0.7253800929732774,0.7716891954037776,0.20783997566143195,0.2181980668441732,0.2349788886614894,0.28008086929190656
0.5,WF2,M_G4,0.7114940371593794,0.7407463204166191,0.7526451932010333,0.7915791059838025,0.20580312279912963,0.21806677637905955,0.21427462366349478,0.26416603904662933
0.5,WF2,M_G5,0.6074958486839075,0.6385300897112128,0.6348607404200345,0.6916975183692116,0.23283983102575914,0.2425828652720837,0.11715772103704084,0.16245437024414044
0.5,WF2,M_simple,0.7733161812166941,0.7949471942871039,0.8173855330554506,0.845936442378585,0.18322590501968022,0.19318806281944712,0.30108351018307017,0.34410745421100397
0.5,WF2,M_field,0.7494882753479928,0.7755222014939592,0.7984939141019807,0.8314248443408753,0.19434355546388357,0.20733962571446432,0.2514635238962397,0.2983184619223665
0.5,WF2,M_B2_full,0.7489379164332294,0.7746551367663568,0.7977447039593756,0.8307442256841245,0.19475677490343307,0.2077664270858265,0.24832740127278022,0.2943138112917747
0.5,WF2,M_ob,0.5729352129848292,0.6047840746076087,0.5919934070494122,0.6466805268163321,0.2387349331247981,0.24782704353227417,0.09924607822907656,0.1514012749887611
0.5,WF2,M_full,0.7493222308488626,0.7747603261856453,0.7959604628900929,0.8295971387911877,0.1946323962506416,0.20728850716775446,0.25427311677344167,0.30064545939582615
0.5,WF2,M_full_minus_ob,0.7502044710793061,0.7759450082525877,0.7963964231621125,0.8305396974775671,0.19357057207559988,0.2063944601084754,0.25536335010789374,0.30233077667584707
0.5,WF2,M_B2mG1,0.7164998127856994,0.7444240737230201,0.7580399699627209,0.7974773395330563,0.20636218969150252,0.21849219971550216,0.2190927498069456,0.2706777387696999
0.5,WF2,M_B2mG2,0.7543835602817232,0.779338924481185,0.8002958702673054,0.8334099252697611,0.19133973632369466,0.20370614063910458,0.2592853673108263,0.3072669773287116
0.5,WF2,M_B2mG3,0.7495666046148013,0.7755070265450059,0.7982190294095497,0.8310816857803329,0.1944658308351611,0.20718223736178856,0.2490999590763743,0.2970811796236181
0.5,WF2,M_B2mG4,0.7731728977401389,0.7946577275032393,0.8169628761380918,0.8464588370472714,0.1831372716199169,0.19303269573310497,0.30541939315759664,0.3479232746036481
0.5,WF2,M_B2mG5,0.7493383661214289,0.7750862755626687,0.7984857433235234,0.8313900817296346,0.1943723792100381,0.2075149607687094,0.2492602485652002,0.2963213931418801
0.5,WF3,M0,0.5902514186787879,0.6218172978387864,0.6128836692897931,0.6605807928636084,0.2362723008047378,0.24298934258659402,0.07567360501981507,0.13364164801458486
0.5,WF3,M_G1,0.7696010754706375,0.7911506924521419,0.8155381325223814,0.8427987392017621,0.18434674268733922,0.19369140656873107,0.27030808022228264,0.31497951684563685
0.5,WF3,M_G2,0.5934923365512262,0.6269675475104615,0.6230809810278847,0.6758566407752996,0.2350756639543428,0.24170117523022672,0.05394104509955309,0.10772074163315137
0.5,WF3,M_G3,0.7043281341212287,0.7292418902875207,0.7296138408842554,0.7716245707116963,0.20877842221270348,0.21739160393509896,0.22244144401503352,0.2638437090841626
0.5,WF3,M_G4,0.7308611727301139,0.7541274265302416,0.7536168612511683,0.7945440348082401,0.19990120782519946,0.209544550508661,0.24265534475341063,0.28444621713132373
0.5,WF3,M_G5,0.6119833503291457,0.6435923215990449,0.6438236301600391,0.6961817848347533,0.23184923271962915,0.23954783877103877,0.09327714006836298,0.14702716373593183
0.5,WF3,M_simple,0.769416406483541,0.7911350519629463,0.815417091441085,0.8427247949461523,0.18436809000039517,0.1937429878591905,0.27077520112061826,0.3146486484091658
0.5,WF3,M_field,0.7648812713261783,0.7858829339206667,0.8052762693685841,0.833259008776925,0.18677539929679382,0.19571639495940316,0.26791459243517235,0.3127602663549554
0.5,WF3,M_B2_full,0.7642442665311617,0.7855732455855483,0.8046299533649223,0.8334056418362451,0.18691181111710892,0.1959001098692279,0.2655804629249044,0.30775223236082166
0.5,WF3,M_ob,0.5957108419670115,0.6259614973676101,0.6185154583979394,0.6647204271053854,0.23555351319093717,0.24197733949289277,0.08932745601835558,0.13602539322352294
0.5,WF3,M_full,0.7617428836795336,0.7833471959782605,0.8042886618288733,0.8319559521156419,0.1875361013584688,0.19698879127811242,0.25300685337118894,0.2933086100093768
0.5,WF3,M_full_minus_ob,0.7619693968778255,0.7841366916240111,0.8044734324795791,0.8326132899720211,0.1873934335763835,0.1968435320679008,0.2584284157924596,0.29882620410079724
0.5,WF3,M_B2mG1,0.7310651347129677,0.756070654573926,0.7594356164508329,0.7983268729520092,0.1988801041370909,0.20880567715820259,0.24207803386148916,0.28262835061048575
0.5,WF3,M_B2mG2,0.7642920431364317,0.7854998805901033,0.8042802291897121,0.8332154835902361,0.18692231931972988,0.19590919185724098,0.2672891384888233,0.311066044092597
0.5,WF3,M_B2mG3,0.7649730574389978,0.7857013638546625,0.8050477678915013,0.833545396439057,0.18683550779958574,0.19565269187492948,0.2687810578892299,0.31191523513217956
0.5,WF3,M_B2mG4,0.7690798044994479,0.7899951518472043,0.8147548243409362,0.842527285376742,0.18463019368087863,0.19399057664555536,0.2706507336203977,0.3167294336907471
0.5,WF3,M_B2mG5,0.7641246887567845,0.7855148344202497,0.8044628450950795,0.833156202209496,0.1869668868817463,0.19596476802404347,0.26662043679834346,0.30970173845178445
0.75,WF1,M0,0.5931636862243667,0.6264441379350241,0.7510034783665835,0.7868427088525125,0.20058939765254336,0.20912658315579508,0.10865071171757686,0.14548883825737538
0.75,WF1,M_G1,0.7945926310458044,0.816373836117396,0.900747006202795,0.9161359101563592,0.15443793843870854,0.16485634933288631,0.31459166590349846,0.3547771864649634
0.75,WF1,M_G2,0.594114607131625,0.6272114791902668,0.7516051070701472,0.7874035555431237,0.20015419637924922,0.20883827893069404,0.11124883033658547,0.14823668054845915
0.75,WF1,M_G3,0.7335395686324009,0.757609331391928,0.8550344852646311,0.8751976075635954,0.1732816195250168,0.1826121677531446,0.25035911086198004,0.28851047818894365
0.75,WF1,M_G4,0.7234631484750792,0.7503937507837507,0.8521701531121767,0.8726043936043633,0.17634554853040454,0.187766942317133,0.23570823401140795,0.28313299022040367
0.75,WF1,M_G5,0.6337190251466192,0.6623661277085002,0.7903251024425714,0.8182419222464873,0.19607265143374575,0.204102743646049,0.1317449795109736,0.17055049972316175
0.75,WF1,M_simple,0.7937202453962188,0.8158199707239093,0.90028628664303,0.9156055978613749,0.15498720673100527,0.1653870635965286,0.31058297163490894,0.35221597764827234
0.75,WF1,M_field,0.7669338182737684,0.7894950889564241,0.8819763325970967,0.8990834936027116,0.16577998074217623,0.17752234138448625,0.27160339973311,0.3186920641574342
0.75,WF1,M_B2_full,0.7674391795200477,0.7897391481152259,0.8830083850171435,0.899449416019922,0.16582886582161047,0.17738433359245873,0.27312203577523336,0.3191599440055337
0.75,WF1,M_ob,0.589652465256609,0.6219578523590241,0.7434422098091912,0.7800780896417602,0.20340223530503201,0.21105693381768043,0.10999331288214059,0.1526425106296694
0.75,WF1,M_full,0.7650436408919379,0.7879682661110399,0.8820857871501133,0.8980707825055733,0.1661879710900534,0.17689555809302915,0.2774928807346691,0.32280169622189014
0.75,WF1,M_full_minus_ob,0.7682487113329584,0.790558506117164,0.8838571110082392,0.8998546919771058,0.1651781303617383,0.17621269326294464,0.2703596175903077,0.32031431132715465
0.75,WF1,M_B2mG1,0.7384876309145958,0.7646141777855971,0.8608458875283798,0.8808339435640635,0.17262155857413736,0.18460490292043047,0.2650728952330047,0.31326334075556406
0.75,WF1,M_B2mG2,0.7682400460034534,0.7905659327232977,0.8823686351028167,0.8994611660432759,0.16485172472135637,0.17633472091047436,0.2783639036305571,0.3241348594801497
0.75,WF1,M_B2mG3,0.767795994540329,0.7902286048069781,0.8825388383394546,0.8993795091590306,0.16545920543503975,0.17693918994842744,0.27077357881176517,0.3178189785854926
0.75,WF1,M_B2mG4,0.7947420224822366,0.8160624020753541,0.9007718606339479,0.9158214692296641,0.15499527687779568,0.16487933012475817,0.3100824209204071,0.3512419806254609
0.75,WF1,M_B2mG5,0.7671131338738675,0.7895754022579273,0.8829160282050861,0.8993844851194662,0.16590465942869467,0.1775749525460419,0.27276761054387766,0.3198993762750272
0.75,WF2,M0,0.5966652777967956,0.6276146272407062,0.7284961407769731,0.7706781911358426,0.20806959528426958,0.22017338000253395,0.12370227058878994,0.16558425293973436
0.75,WF2,M_G1,0.7788921704830577,0.8024268913330658,0.8789878630716036,0.9010516422265007,0.16528940172710924,0.17727997617034055,0.30875577586919195,0.3496850907546799
0.75,WF2,M_G2,0.5639000416187534,0.6013316231885585,0.7076683671389594,0.7519867848290501,0.21252483508019732,0.22655640478745437,0.10773985193849182,0.15311467903797868
0.75,WF2,M_G3,0.723261487565542,0.7478534884274304,0.8296593156162871,0.8581158009148857,0.18200788485334934,0.1934817817435396,0.24332114052550685,0.2842433248093382
0.75,WF2,M_G4,0.7197860147973265,0.7458485063643095,0.8286020674553964,0.8609664381171187,0.1873221552665789,0.19991415586890315,0.23339615458230087,0.2798614791650469
0.75,WF2,M_G5,0.6194362355245001,0.6475539942254733,0.7466531242122891,0.7892486462889141,0.20564570825708434,0.2183792217015338,0.12413889843792002,0.16414166651110512
0.75,WF2,M_simple,0.7785451418660455,0.8021142843217033,0.8784040542338226,0.9005000122075065,0.16524496472040254,0.17735102394493119,0.30826291652888105,0.3488413378428665
0.75,WF2,M_field,0.7550646740245639,0.7811166575263283,0.8552947903346781,0.8860744269578738,0.181226713132082,0.19538952141705254,0.26164327644061275,0.3118400613587448
0.75,WF2,M_B2_full,0.7549105443951416,0.7815302034826207,0.8546712524295662,0.8862605978650866,0.18137937122571815,0.1953162127565055,0.2629934947854348,0.31300451682858244
0.75,WF2,M_ob,0.5866373782482265,0.6185466638995291,0.7218662568879739,0.7635459511738837,0.20964402695820578,0.22241118086273395,0.1131939490155437,0.1597787795574486
0.75,WF2,M_full,0.7549846703548783,0.7797012738044449,0.8539663219128804,0.8847971566294094,0.1801983603599005,0.19344183422709207,0.27138439836713585,0.31827863560862024
0.75,WF2,M_full_minus_ob,0.7535210564961091,0.7784493989150743,0.8521127237733807,0.8837847821108582,0.18170955514498185,0.1949111300052163,0.26421303710023847,0.31249025066719033
0.75,WF2,M_B2mG1,0.7259050592221942,0.7518996266261255,0.83277445925606,0.8654670778551095,0.18935559012593253,0.20314510713321846,0.22656518871537398,0.2811168995510308
0.75,WF2,M_B2mG2,0.7596361117358502,0.7849863757376383,0.8572758843910799,0.8876778725088934,0.17600826094471325,0.18921148542891703,0.27792336543309254,0.3269639925836001
0.75,WF2,M_B2mG3,0.7543446337846291,0.7807095812708107,0.8541751473368623,0.885590404736223,0.18179971971552958,0.19601163443137307,0.26181826575299816,0.31182095257524073
0.75,WF2,M_B2mG4,0.7787494273187148,0.8018636625985646,0.8784696418093734,0.9005190518949718,0.16507507513624092,0.17726400173315657,0.31180802800755836,0.35063573934632064
0.75,WF2,M_B2mG5,0.7547943220474826,0.781088037306876,0.8550135733048198,0.8861713840037198,0.18169731038342196,0.19592961888357813,0.2625921358596563,0.31235426233565533
0.75,WF3,M0,0.6038460565691682,0.6353166307038985,0.7317231865475197,0.7752369265068791,0.2082022591269314,0.2191591929035016,0.08534116419739318,0.1412893317510072
0.75,WF3,M_G1,0.7707749948637668,0.7933799825565778,0.8751362657968533,0.8941603010152394,0.16987812556962772,0.1804459518409596,0.2962484912126496,0.3404433795667093
0.75,WF3,M_G2,0.6068859400547807,0.6401380561411534,0.7393322968330852,0.7816281422823654,0.20759758206344345,0.21808387989585487,0.0808469831368998,0.13549877454826473
0.75,WF3,M_G3,0.7199211719548922,0.7431584325124578,0.8255247654715279,0.8525664422426904,0.18487895725197107,0.1950789749292497,0.23854524307953145,0.2807368090417195
0.75,WF3,M_G4,0.7349558770035038,0.7595627158410819,0.8320250509872229,0.8641462677166487,0.18043131284626931,0.1908759225933403,0.2672093014173096,0.30603810215385724
0.75,WF3,M_G5,0.6199588679455262,0.652668232658773,0.7518850683552165,0.7923858294568045,0.2055745087566997,0.21717939331723665,0.10330959173558799,0.15615376251575885
0.75,WF3,M_simple,0.770824923800657,0.7934146906911824,0.8749481886063585,0.8940756695215731,0.1698214002971953,0.1804810146471786,0.29513529962025575,0.3394662858575843
0.75,WF3,M_field,0.7662434231308708,0.7888720464864536,0.8677935098004504,0.8897296783558115,0.17099092335715244,0.18136685468528865,0.277252799849589,0.32247725175705566
0.75,WF3,M_B2_full,0.7667219864783238,0.7884683795664307,0.8680557674880426,0.88975428033162,0.17105580257864506,0.1812469490415264,0.27550613735229323,0.31699251952493235
0.75,WF3,M_ob,0.6061053446973012,0.6362654845761003,0.7337643695315088,0.7727971114273012,0.20822582191206648,0.21921155369960751,0.09960198697648028,0.15652674816525544
0.75,WF3,M_full,0.7671183541120083,0.7884473355921618,0.8679221751418889,0.8890290494491985,0.1710586146276564,0.18102044779124313,0.27908151586163293,0.32246062640701245
0.75,WF3,M_full_minus_ob,0.7662996589479265,0.7882681201825473,0.8678672356870197,0.8890633099012659,0.1709970276647401,0.18115278908089796,0.2772795877620305,0.32055335660022394
0.75,WF3,M_B2mG1,0.7377926620827185,0.7620296313221544,0.8384814890569349,0.8671001885986195,0.1790222608307243,0.1896294854511922,0.2639841309678913,0.3011580215717131
0.75,WF3,M_B2mG2,0.7670592208362244,0.7887847441544245,0.8686709406719664,0.8903909738837741,0.17097694034529518,0.18119955040908647,0.2752270652340042,0.31761312610208314
0.75,WF3,M_B2mG3,0.7663807356471879,0.7887161743350091,0.8685578482686475,0.890139302964882,0.17108348724654415,0.18134127265500974,0.2764016628191879,0.3207035149171786
0.75,WF3,M_B2mG4,0.7706155538227609,0.7927181731609797,0.8747335629996271,0.8941312696347475,0.1701358445203514,0.18053864183772125,0.2932474903608476,0.33553414510952
0.75,WF3,M_B2mG5,0.766511927034857,0.7889257079375432,0.8678649405149483,0.8899767773936743,0.17089772775505835,0.18116779667775668,0.27599793230476466,0.3180002129785017
1.0,WF1,M0,0.6059425365884007,0.6373352886335952,0.8218538269411517,0.8503591263385917,0.16708263259615524,0.17736405008333186,0.1117266062063602,0.15068128194995845
1.0,WF1,M_G1,0.8031755777512677,0.8276049781404782,0.9315781517914504,0.9434132782449348,0.1327152217827828,0.1440025839932266,0.29770741072334045,0.33834335559813555
1.0,WF1,M_G2,0.6071466820000205,0.6392314831093965,0.823981601484839,0.8513591914398824,0.16542399674209166,0.17707234406511463,0.10852544720245637,0.14685343481452387
1.0,WF1,M_G3,0.747806375125454,0.771953688572345,0.9015309738603586,0.9165214387437643,0.14595138014144976,0.15676574856388875,0.2368909768495319,0.2734606234434078
1.0,WF1,M_G4,0.7326264332840733,0.7609298982524495,0.8943395585272931,0.911724485701005,0.1507534583314604,0.16191248356167,0.2271344389477159,0.27234678529979944
1.0,WF1,M_G5,0.6382121227937984,0.6656341778798324,0.8430960223459142,0.8686133080761815,0.16413991691211122,0.17452952406390035,0.11868955321232738,0.15784521031645002
1.0,WF1,M_simple,0.8035609184051181,0.8277847079436143,0.9317094886179478,0.9434817877551934,0.1326189666503172,0.14415636231643678,0.29718128353980094,0.33860417189921727
1.0,WF1,M_field,0.7760410665897954,0.8037710789741004,0.9172787477759355,0.931699251391184,0.1426908233493501,0.1545714621023105,0.2678236308877555,0.3124388436277449
1.0,WF1,M_B2_full,0.7769565953829723,0.8037178883259031,0.9180886108462147,0.9320473727487669,0.1428823679973628,0.15458299105584744,0.2610566785078127,0.3048439045961571
1.0,WF1,M_ob,0.5990117352600329,0.6304871432441168,0.818355320424331,0.8454995835627305,0.16899465836077718,0.17885091085590343,0.10231657439582438,0.1452364461465232
1.0,WF1,M_full,0.7781225382522882,0.8048301972960218,0.918311465195992,0.9329892170092509,0.14147758747581798,0.15276227817122154,0.2669649981386022,0.3096790241808282
1.0,WF1,M_full_minus_ob,0.7787180417530983,0.8050397052288311,0.9185628820146398,0.9328246094428548,0.14163073408310756,0.15302683961879807,0.2673982900242413,0.30911957735580997
1.0,WF1,M_B2mG1,0.7452613506590844,0.773445621307379,0.9011022696083397,0.9172669984784585,0.1494776136614624,0.1611892644998198,0.24381712526627222,0.28616783627735726
1.0,WF1,M_B2mG2,0.777757817574843,0.8042220962366663,0.9179811114940069,0.9320111004227818,0.1421402106366094,0.15372690512227083,0.2687756112242731,0.31201306918692545
1.0,WF1,M_B2mG3,0.776068939371396,0.8032125386989484,0.9171787396631391,0.9315939523403859,0.1427464303000572,0.15436576694768883,0.2670458655925671,0.31114452910043217
1.0,WF1,M_B2mG4,0.8039990638117719,0.8272606592640643,0.9321768367390525,0.9434661923781312,0.13263647367466633,0.14394607477010532,0.2995185813910969,0.33825403637361184
1.0,WF1,M_B2mG5,0.7767272446781084,0.8036237810851071,0.9178734442051567,0.9319512198074649,0.14292433073962124,0.1548568021325249,0.25778122450714874,0.30388976201952805
1.0,WF2,M0,0.5971581191528055,0.6284797274099418,0.8023627387784927,0.8335961111218987,0.17719583696936045,0.19140074978891494,0.10649584446555295,0.14564217954436495
1.0,WF2,M_G1,0.788623588155841,0.8128929049717148,0.9176918907735752,0.9337049976656958,0.14266825600422717,0.15537456428511287,0.295757929990582,0.33878238008631223
1.0,WF2,M_G2,0.5636596756837314,0.6011258354088532,0.7810685535262009,0.8173798538165066,0.18077932863227109,0.19670629824357183,0.08639893721350302,0.13301675808282887
1.0,WF2,M_G3,0.7378520995355838,0.7654075935349565,0.886766289479053,0.908660055045365,0.15461600969687173,0.16782001944875397,0.22679914680825564,0.26976009323626404
1.0,WF2,M_G4,0.735665989869553,0.7646644285624222,0.8797034587481194,0.905045264275479,0.15623760892784672,0.16906994495429137,0.23923803920983294,0.2939550827358925
1.0,WF2,M_G5,0.614387809782897,0.6457167052515788,0.805197746602006,0.8417782872928644,0.17607726580835595,0.19025640727629378,0.10970408582796104,0.15056400389621066
1.0,WF2,M_simple,0.7880009965800271,0.8124329494536419,0.916835223718789,0.9333488494699316,0.1422877201473153,0.15529217755138477,0.2960439562068769,0.3375164115338553
1.0,WF2,M_field,0.7696664516645312,0.7981227761307437,0.9010561366825242,0.9240979387918493,0.15342721179692534,0.16715276460662953,0.26701847356152775,0.3173774908659722
1.0,WF2,M_B2_full,0.7714416599647247,0.7990767383449314,0.9027668371748557,0.9253660420995291,0.1525134243889185,0.16597525167634347,0.26960294490919934,0.3177371964503668
1.0,WF2,M_ob,0.5826902781559822,0.6152292705498663,0.7920503278638343,0.8247333278934101,0.17877025918993628,0.19367537438303942,0.0914951292448268,0.1388795512517611
1.0,WF2,M_full,0.768472819983572,0.795600730905919,0.9012262150929394,0.9237940819106589,0.153579439997664,0.1669219382545567,0.25962554142218736,0.3075503813497305
1.0,WF2,M_full_minus_ob,0.7709130557824418,0.7977917854139993,0.903010899510908,0.9251426533477678,0.1520094106943378,0.1649909392733873,0.2632440416811738,0.309038131951228
1.0,WF2,M_B2mG1,0.7416780877835127,0.7704387042497839,0.8807953746196125,0.9088816302632676,0.1583668302417155,0.17175852274643577,0.24462805783565747,0.2916765721675255
1.0,WF2,M_B2mG2,0.773711448304126,0.8008239647932421,0.9023269797517294,0.9256849159237476,0.14932864050439423,0.16210196157970377,0.27948280270467285,0.3269370686700723
1.0,WF2,M_B2mG3,0.769571291099311,0.7981427155917727,0.9006193221323309,0.9240978546783257,0.15376468894734838,0.16731625806342112,0.2670932395514869,0.31893712161393933
1.0,WF2,M_B2mG4,0.7883815110514747,0.8130390048095991,0.9172792720060469,0.9336969935197122,0.142096916061644,0.15501610654942408,0.2985762060128485,0.34199227363705464
1.0,WF2,M_B2mG5,0.7712811566397755,0.799042437200093,0.9023510248027049,0.9250511564729978,0.1528961210551386,0.16644745348810258,0.26911671319939734,0.3159739343957798
1.0,WF3,M0,0.6127387090977768,0.6487458363251852,0.8081472608446445,0.8407991036932525,0.17762451024205614,0.19124172986414603,0.08384932872240025,0.13458063506796963
1.0,WF3,M_G1,0.7870814315008308,0.8115200384834896,0.9123847044019322,0.9289633382396333,0.14499840326298963,0.15698274796584183,0.29305578507996755,0.344963370090671
1.0,WF3,M_G2,0.6155450756194053,0.6527538020787186,0.8094893380062536,0.8446471358431001,0.17691931883095133,0.19099587213332453,0.07456436935856618,0.12648908044889093
1.0,WF3,M_G3,0.7348847295487042,0.7632885353896558,0.876210415778601,0.9007901103720115,0.15703231276449067,0.1703779418485809,0.23169632171848792,0.27891859828900384
1.0,WF3,M_G4,0.7504103099844796,0.7759415441551992,0.884911384704493,0.9079013678943079,0.15307903839209844,0.1655962322555303,0.2641198275412108,0.3074995376393334
1.0,WF3,M_G5,0.6298824213797641,0.662413173986709,0.8173683654383012,0.8508164443850281,0.1755839547068717,0.18923900617360567,0.0971679197906496,0.14831209166045348
1.0,WF3,M_simple,0.7866827740400855,0.8112529945365874,0.9122960197898152,0.928877587022165,0.1447958093597266,0.15701561662955474,0.2923709786289951,0.34470832682346314
1.0,WF3,M_field,0.783543049200994,0.80644728666498,0.9100292388109855,0.9258915983821918,0.14526197001292104,0.15779836819703597,0.29177620317634734,0.33541683517411947
1.0,WF3,M_B2_full,0.7834200340242711,0.806529661223469,0.9103318286969508,0.9262928660075004,0.14552137300550488,0.15791475059733848,0.28456523578715487,0.32919109069809405
1.0,WF3,M_ob,0.616054343086075,0.6495731002094027,0.8061969646006383,0.8382711674146585,0.17730259959139727,0.19120551904396244,0.09367849211636688,0.1434637334108882
1.0,WF3,M_full,0.7802317300393973,0.8027781888031243,0.9091533792181138,0.9245206911573053,0.1465255045898567,0.15906363728055112,0.2838128399169551,0.3288292428403816
1.0,WF3,M_full_minus_ob,0.7824207526203487,0.8055715176751678,0.9099119795329793,0.9257736968013502,0.14580709788553708,0.1582697916927779,0.28091097658197794,0.32463463985551844
1.0,WF3,M_B2mG1,0.7544733059207498,0.7810488703781857,0.890281254827729,0.9115162396132437,0.15181237211608686,0.16517433960654618,0.2647943816714122,0.3080045789449009
1.0,WF3,M_B2mG2,0.7835018336048033,0.8065631306498032,0.910433314847593,0.9263507936168669,0.14550547069804884,0.1579078033768169,0.28584036844085753,0.33005160562275915
1.0,WF3,M_B2mG3,0.7837451927988581,0.8066757213911349,0.9102824556332969,0.9259701529694049,0.14530233968717982,0.1577435550107193,0.29096409172166515,0.3351401234616739
1.0,WF3,M_B2mG4,0.787052497669031,0.8112278318230733,0.9125868781804486,0.929032763753097,0.1448940013408219,0.15707507233705073,0.2869983134921781,0.3355909562990016
1.0,WF3,M_B2mG5,0.7830570191518754,0.8065476751625202,0.909954569056223,0.9263372347888043,0.1454706115625562,0.1578404739720359,0.28488738426592125,0.3296029836239212
1.5,WF1,M0,0.6214872831509483,0.6628284513282622,0.9046204918132305,0.9240236902533018,0.10736536524012948,0.1182852748388305,0.08488180591197851,0.11630913248852312
1.5,WF1,M_G1,0.8285778896359206,0.8514409339572367,0.9683220920230341,0.9743513057647927,0.08906019181576812,0.09832826922669187,0.234944274613464,0.2746862535660919
1.5,WF1,M_G2,0.6201337364004191,0.6604397201460461,0.9048932727565772,0.9240370306511227,0.10617298868601821,0.11792007940926884,0.08059674664376634,0.11514123821759896
1.5,WF1,M_G3,0.7845352225245712,0.8102494577417629,0.9553050689819194,0.9645609307968501,0.09446059577113591,0.1048606445200885,0.20089323797104627,0.23521280346605222
1.5,WF1,M_G4,0.7488082853682161,0.7841628999986443,0.9442328794643675,0.9566113165008633,0.09833142705701166,0.10904685707469416,0.16679157325069632,0.20591994857317378
1.5,WF1,M_G5,0.6474785620315205,0.6829468908675557,0.9144974302616301,0.9319459756967454,0.10650973535904895,0.1170643780990113,0.0927765646212657,0.12130785287337345
1.5,WF1,M_simple,0.8291810621444748,0.851813358875344,0.9686145303672876,0.974363585888534,0.08874909660090788,0.09840507190343782,0.23873553512167797,0.2801457417052703
1.5,WF1,M_field,0.7948062944734932,0.8244470816822113,0.9569175690162538,0.9672494261020256,0.0931091337209342,0.10318462903229586,0.2123048858312455,0.2523952106762445
1.5,WF1,M_B2_full,0.7950092749216255,0.8238135630954458,0.9573042506565832,0.9672453400816337,0.09346921096224955,0.1032997730218755,0.21506205056635408,0.2528669827457745
1.5,WF1,M_ob,0.6133786239614277,0.6541263519205082,0.9015913219692616,0.9226520766365007,0.10778816423006399,0.1186667972606664,0.07490840858345313,0.10949672704995239
1.5,WF1,M_full,0.7988307357985907,0.8268370038812853,0.9589445487856938,0.9681027619601268,0.09349493290552409,0.10323323362137396,0.2130372675293169,0.25558175196223804
1.5,WF1,M_full_minus_ob,0.7985715432209614,0.8272934780099209,0.9586830052913483,0.9681596467202647,0.0929883857580079,0.1028992764066181,0.21305511289858134,0.254381516256652
1.5,WF1,M_B2mG1,0.7676599543867608,0.8019323960175508,0.9496750525820389,0.9608467486922304,0.09548342327995027,0.1059107633122975,0.19655408689417425,0.23309369779571082
1.5,WF1,M_B2mG2,0.796802207880075,0.8251302519321585,0.9576373643171665,0.9676095217830532,0.09287941869147134,0.1026538595228409,0.2180347232577804,0.2585744765804609
1.5,WF1,M_B2mG3,0.7938871392410902,0.8234653567801922,0.9567414314140973,0.9671064503293115,0.09316739399490467,0.1030509669064618,0.21387951533984806,0.25327365306189176
1.5,WF1,M_B2mG4,0.8295367168680807,0.8504795295333112,0.9685986658058585,0.9742647597333823,0.0887556390360238,0.09854474433577284,0.24352824320849603,0.28105053545524744
1.5,WF1,M_B2mG5,0.7947673819508577,0.8233122559624267,0.9571861667716628,0.9672506187504866,0.0935705155936278,0.10362568387143976,0.2143519988854984,0.2525338609194769
1.5,WF2,M0,0.6242865851355186,0.6592290078858721,0.8919678820021308,0.9133268681222683,0.11862513096449478,0.13348054351741778,0.09799246619643012,0.13650056970496016
1.5,WF2,M_G1,0.7998113312144541,0.8301962741627062,0.9559126100137254,0.9662648276105332,0.10159327569192417,0.11322619802983022,0.22945737705221933,0.28047770215543016
1.5,WF2,M_G2,0.57813358991643,0.6214685075759077,0.8768522646868374,0.900583784364124,0.12060520417267201,0.13667922497065507,0.06374830185954287,0.1016176965705807
1.5,WF2,M_G3,0.7684957166934409,0.8000631621572881,0.9433152413626162,0.9572431115035982,0.10619884234656095,0.11821729046681921,0.19228270209337678,0.2382754526230187
1.5,WF2,M_G4,0.748052552546155,0.7832789629565681,0.9363864196800042,0.9526581003527553,0.10834372641950607,0.12136692393391883,0.1881875189094468,0.2315865572263171
1.5,WF2,M_G5,0.6358162423975103,0.6739958515158795,0.8931524467324071,0.9188063668471745,0.11801832475074618,0.13259397810240026,0.09650111107157273,0.13390961101600923
1.5,WF2,M_simple,0.7976943967528392,0.828304751242486,0.9550569927657258,0.9658435037927737,0.10142202000298464,0.11353750290790987,0.23207107776594924,0.28269007253605266
1.5,WF2,M_field,0.7823336379261662,0.8160517787836409,0.9438980893642923,0.9622388653746677,0.1064695315422714,0.11913757738269858,0.2120179713627918,0.2597485605163794
1.5,WF2,M_B2_full,0.7848481867044199,0.8191595837433007,0.9448080970695216,0.9633093679853603,0.10726715809613879,0.12003244782840734,0.21037674701834858,0.2593931743173281
1.5,WF2,M_ob,0.610684508827383,0.64657627491517,0.8857305483295556,0.9086881798153112,0.11924459218526975,0.13470304440186232,0.08140396343285067,0.11961577074999143
1.5,WF2,M_full,0.783041438047277,0.8166450879212994,0.944047400873378,0.9628527165227061,0.1066870261020059,0.11946885398940467,0.21009414806359517,0.2577171375280277
1.5,WF2,M_full_minus_ob,0.7834019461343711,0.8174442760908892,0.9437747771251237,0.9630194926742611,0.1067541160975699,0.11938972269340879,0.21121584416085762,0.2582377088466898
1.5,WF2,M_B2mG1,0.767032951929473,0.8007386308914587,0.9363868682235917,0.9578575738663823,0.10749139554626598,0.11984741693713617,0.19647642980308405,0.24319409749734294
1.5,WF2,M_B2mG2,0.7853037769446867,0.8192132298599076,0.9445394553211333,0.9633727776460076,0.10519142535580722,0.1178615472356327,0.2141180151528623,0.26581464143420586
1.5,WF2,M_B2mG3,0.7822406146470205,0.8164029128997503,0.943982793870307,0.9623462305357874,0.10657255976601956,0.11918129646153097,0.21320069121107763,0.2610537161414589
1.5,WF2,M_B2mG4,0.8005819574178769,0.8304053019294027,0.9556230753492847,0.9665789030890096,0.10075353088355517,0.11314249168176341,0.23572519446579454,0.28386475105772474
1.5,WF2,M_B2mG5,0.7843743024369829,0.8186811993811995,0.9450160403437369,0.9631675876733774,0.10749665550402851,0.12027689281003635,0.21073081436201,0.2586659737216911
1.5,WF3,M0,0.6276891319967164,0.6630457337791661,0.8924569038144029,0.9108393867316574,0.12318527019301626,0.13674927644879326,0.07168658748010143,0.11233664695402851
1.5,WF3,M_G1,0.8053962199792883,0.8340481886867618,0.954808303729907,0.9637440398178969,0.10328944105730967,0.11459539904577583,0.2485799706688483,0.299996869990151
1.5,WF3,M_G2,0.6280628095473877,0.6648379285130063,0.8939257920580834,0.9127554446807331,0.12309058171079065,0.1367176730677073,0.06409733269082396,0.1072397950034192
1.5,WF3,M_G3,0.7612670799431969,0.7920764637884014,0.9377972818472943,0.9504254986377059,0.10978502490175902,0.12173629829305807,0.2056770911401335,0.2537754411144298
1.5,WF3,M_G4,0.7712159780175859,0.7985503458579967,0.9418351627887359,0.9529946973249483,0.10911601170306984,0.1205262046773099,0.2174264334237194,0.2642219702167127
1.5,WF3,M_G5,0.6460226561053589,0.6803745988129,0.8993707317627067,0.9189099754306091,0.12211166470723667,0.1355299499316934,0.08496986482683508,0.12547302905605878
1.5,WF3,M_simple,0.8051596728354424,0.8339930516585793,0.9547058430627,0.9637922689196949,0.10321563143211823,0.11454091233236642,0.2486267113792877,0.2990058483827511
1.5,WF3,M_field,0.8032085970100449,0.8293957476194249,0.9528066635006777,0.9623184126389378,0.10380951458426001,0.11502028084572312,0.2469491470818909,0.2933379371471869
1.5,WF3,M_B2_full,0.8035034355669938,0.8299694882817922,0.9529942378771487,0.9627949370689969,0.10384164287810776,0.11541926816066854,0.24186399406187917,0.2864030183443493
1.5,WF3,M_ob,0.6208177770389797,0.6544465699760723,0.8820625383756926,0.901983023274044,0.123745354916648,0.13786099047665434,0.08050709155359818,0.12353774921616342
1.5,WF3,M_full,0.7941927889178062,0.8214941151825782,0.9510192319337845,0.9602195835155929,0.10542645012778158,0.11679758755136584,0.24195147263462896,0.2881081349387549
1.5,WF3,M_full_minus_ob,0.8012548824560003,0.8283433990952594,0.952569273065108,0.9622762798100299,0.10431214203106721,0.11572333497142952,0.24138284155369524,0.28808191684629525
1.5,WF3,M_B2mG1,0.7796064847569566,0.8086347022741476,0.9444209877457398,0.9560427716420296,0.10716570512209496,0.11941977370858367,0.21941939860307988,0.26728199313677087
1.5,WF3,M_B2mG2,0.8031459796834666,0.8297541628724782,0.9527203049783144,0.9626864137078857,0.10386090131087401,0.11543777379705719,0.2414550329605818,0.28542969295630627
1.5,WF3,M_B2mG3,0.8032650314438562,0.8295404849125974,0.9528412776807993,0.9623131730528757,0.10380642472907989,0.1150375143554484,0.24679490937417253,0.2933298112167356
1.5,WF3,M_B2mG4,0.8051188726349673,0.8330930507199297,0.954614622382689,0.9638356239890449,0.10337806857265011,0.1148084671749163,0.2460084285965187,0.29576419827751727
1.5,WF3,M_B2mG5,0.8035515544249716,0.830137532013505,0.9528771368610609,0.962820482513619,0.10388655525962824,0.11544385082514043,0.24242668580651408,0.28713653486260093
2.0,WF1,M0,0.6350993305542766,0.6831078880459633,0.9418100139675303,0.9569867160996054,0.069207038913448,0.08032901536167887,0.06617102970548056,0.09016503405563726
2.0,WF1,M_G1,0.8418287096657847,0.8678936088234195,0.9822849108798303,0.9866950341796398,0.058978411718313466,0.06865394079344703,0.17627195111921995,0.21004662474171518
2.0,WF1,M_G2,0.6348597643713766,0.6824091892523825,0.9416972498839029,0.9563261661475194,0.06850188048892435,0.0802899600787337,0.07243223084126915,0.10267373541980244
2.0,WF1,M_G3,0.8084382705468595,0.8417893671092568,0.9767113187834836,0.9827546316663007,0.06119171601148833,0.07187998498185226,0.15320539205674913,0.1865988111591519
2.0,WF1,M_G4,0.7777581958361333,0.8114382276876351,0.9708523495781152,0.9786692114843054,0.06375934078004596,0.07549348374524183,0.1349381943731892,0.1702086241354758
2.0,WF1,M_G5,0.6669202868977562,0.7046032890256104,0.9506210391086739,0.9624066268319498,0.068675576596356,0.079586418683133,0.0695867446634331,0.09547896044729456
2.0,WF1,M_simple,0.8424937667661248,0.868320089147875,0.9822934224003704,0.9866892705905702,0.05889667195219611,0.06898090164434725,0.17901876079101264,0.2157092214523461
2.0,WF1,M_field,0.8148878158954976,0.8446098068599834,0.9756775540609447,0.9829597011320848,0.06082625712537352,0.07309228577700161,0.15625231315582136,0.19444752960286715
2.0,WF1,M_B2_full,0.8198698577377604,0.8499995518831625,0.9770453965655068,0.9838052956468437,0.06035314269854226,0.07246637068593338,0.1626463000289989,0.1976184061121645
2.0,WF1,M_ob,0.6314469669289599,0.6769126415266438,0.9425491884980228,0.9566750593114614,0.06935142061919286,0.080564039287133,0.06192010275322074,0.08802043908318294
2.0,WF1,M_full,0.8193945130737769,0.8462645269960538,0.9779037967854983,0.983690257276981,0.061742135192018086,0.0727153046919428,0.15471999994056432,0.1862174235138292
2.0,WF1,M_full_minus_ob,0.8213464224300285,0.8482773859808793,0.977811462377336,0.9840843865616377,0.06135543614790247,0.07237359510874397,0.16080460530500185,0.19078298437743998
2.0,WF1,M_B2mG1,0.7985352199550053,0.8305412721016177,0.9737433329927881,0.9811177686186993,0.062350982597149614,0.0737843767783244,0.1508350769497184,0.18534141360153045
2.0,WF1,M_B2mG2,0.8208422083534531,0.8510903643712393,0.9771752727799519,0.9839276029863051,0.06032721654146757,0.07242804726141157,0.16132865959275935,0.19606228640570728
2.0,WF1,M_B2mG3,0.8149577543317365,0.8446265880866701,0.9756555273912177,0.9829419256246196,0.0607674893305377,0.07275630982817743,0.15903946345480996,0.19558409473946112
2.0,WF1,M_B2mG4,0.8451895803138312,0.8695331499155241,0.9826210077987565,0.9868194783142562,0.05863004574419865,0.06892954526024875,0.17980407094645803,0.2158881367193155
2.0,WF1,M_B2mG5,0.8203858374539087,0.8501986547206739,0.9769687931035215,0.9838213980594483,0.06029043722174273,0.07259937245593075,0.16254435872808787,0.19905602812109277
2.0,WF2,M0,0.6153682291221397,0.6632780362838752,0.9281138619077425,0.9442816700343787,0.08184502474090563,0.094772418214918,0.06787032687520603,0.10445301054660175
2.0,WF2,M_G1,0.8227088972091058,0.8581169147661416,0.9759159608035844,0.9825545676175711,0.07019255638241882,0.08096292596647248,0.19100092433433494,0.23780515160054694
2.0,WF2,M_G2,0.5595506738130894,0.6123826951903175,0.9128564132568333,0.9343948218076935,0.08290255524405282,0.09677946743693808,0.03476662145604244,0.07081590593803254
2.0,WF2,M_G3,0.7982544639120163,0.8353386632692433,0.9705326539172344,0.9790893762876047,0.07287992794816273,0.08371169318086612,0.16244065498287988,0.20798607878392517
2.0,WF2,M_G4,0.7751637338461984,0.8147471335834474,0.9661213389511826,0.975261294238638,0.07282404814326252,0.08432201988988823,0.15151251194048432,0.19387019130255193
2.0,WF2,M_G5,0.6276470742980536,0.6787265452954948,0.925418926260295,0.9488563599842544,0.08154372059354592,0.09443665973445198,0.06557657483978524,0.10012599808394877
2.0,WF2,M_simple,0.8178053125868042,0.8536157834441434,0.9746432229771783,0.9818596455984913,0.06973096716108218,0.08125229722153035,0.18661048101266015,0.23209530172314524
2.0,WF2,M_field,0.8069184355653307,0.8467265469114614,0.9726066383692561,0.9804440380995672,0.07110747261225776,0.08246750155958645,0.1676137834118377,0.2176884810658384
2.0,WF2,M_B2_full,0.8095870236855351,0.848553314314291,0.972923792870866,0.9807989576736644,0.07182329789347086,0.08292575422565189,0.16533487566044533,0.2141241700898743
2.0,WF2,M_ob,0.6019684664068189,0.6509616081793779,0.9221936812362205,0.9416818144419858,0.08184693073442999,0.09525299333027011,0.05372028954636321,0.09157468288850223
2.0,WF2,M_full,0.8055481010060208,0.8465857766332112,0.9717538726812621,0.9805067499739232,0.0715681171776681,0.0834951261089641,0.16434837087363718,0.2133536799862661
2.0,WF2,M_full_minus_ob,0.8083119804478768,0.8466989197155006,0.972408549105254,0.9805093882721565,0.07163849922411279,0.08298092125442712,0.16633040205104213,0.214397266299362
2.0,WF2,M_B2mG1,0.7934729942437354,0.8333458018782357,0.9674563824703767,0.9780405632968189,0.07098169874255064,0.08222549749076694,0.1615490566858041,0.208694695728995
2.0,WF2,M_B2mG2,0.8111391092384365,0.848877169704309,0.9732204994390488,0.9809762536867501,0.07029419306440993,0.08172840143741802,0.16681263168893481,0.21593060040957515
2.0,WF2,M_B2mG3,0.8062285129188176,0.846456767971871,0.9724395749766257,0.9803520159896252,0.07092499597619024,0.08231373389963177,0.16687864135820152,0.21729064027054032
2.0,WF2,M_B2mG4,0.8191374080068836,0.8546955412551013,0.9746010606688338,0.9821370841487238,0.06999585413273851,0.08128394656092974,0.18866096116031975,0.2371287793073624
2.0,WF2,M_B2mG5,0.8097745650782815,0.8486413094809679,0.9731374555413969,0.9808678298233833,0.07176638232630736,0.08285540690847983,0.16861620449420678,0.215682855109566
2.0,WF3,M0,0.6463857091969488,0.6810340649833706,0.9311737882258602,0.9455808721693869,0.08460311558662857,0.09757390708364179,0.06135134290146779,0.0958187347823857
2.0,WF3,M_G1,0.8287354651050789,0.8561942575047659,0.9755371811584644,0.9810344324354648,0.07273005238047109,0.08363915916420235,0.20850451710467224,0.2528547384195677
2.0,WF3,M_G2,0.6435806244093808,0.6841888702648231,0.9356806516712433,0.9496806493460952,0.08461139014191187,0.09741237074740959,0.05197619645920783,0.08890985038356822
2.0,WF3,M_G3,0.7870424318547254,0.8243422120625754,0.9648013318549833,0.9751582728643254,0.07604074268503477,0.08743844342802262,0.17394446514098286,0.21407169751613
2.0,WF3,M_G4,0.7888961445625476,0.8193443728151829,0.9652244386234919,0.9738253895772452,0.07608256593405452,0.08677627372076634,0.17709243236342695,0.21671644224169617
2.0,WF3,M_G5,0.6647713626560301,0.6998909515261795,0.9397011934330348,0.9527536868948314,0.08398677722419795,0.09687197177211206,0.06854486045847229,0.1022891690494516
2.0,WF3,M_simple,0.8283596813986217,0.8559701605026522,0.9754612682841948,0.9809991091505108,0.07269995393324605,0.08370722468391137,0.2079176689701674,0.25321340725535596
2.0,WF3,M_field,0.8215399106764086,0.8497045175027568,0.9730814819848824,0.979314486588969,0.07354017594360523,0.08452333688841955,0.19995688766974684,0.24333303042828536
2.0,WF3,M_B2_full,0.8207695885413081,0.8498927388134514,0.9733230707617776,0.9796563966407462,0.07364757689338661,0.08456702791285219,0.19981902336107227,0.24195647899769265
2.0,WF3,M_ob,0.642687299510974,0.6762577867343553,0.9291437494504352,0.9443677245315589,0.08495068597083792,0.09790833156221443,0.06687251131790385,0.09929490114369112
2.0,WF3,M_full,0.8155276284175665,0.8441242806404591,0.9726234576205447,0.9789262887268844,0.07411917776890943,0.08528910400364391,0.19353514161078658,0.23356623725230902
2.0,WF3,M_full_minus_ob,0.8207079692815124,0.8487697754237736,0.9734329503193216,0.9795463628989832,0.07363788986515807,0.08470386511292985,0.1953731662748052,0.23761349502526338
2.0,WF3,M_B2mG1,0.7967249667626731,0.8326721256071594,0.9674543336748734,0.9762367406949453,0.07503032118978975,0.08621061033826811,0.18583750976818686,0.22481113290531468
2.0,WF3,M_B2mG2,0.8211680674818501,0.8502304534385431,0.9734107944799998,0.9797127265031215,0.07354675881218516,0.08451147653202944,0.1984787434702005,0.24114004637609915
2.0,WF3,M_B2mG3,0.821018441292282,0.8496597290806607,0.9730303994934151,0.9793067431904239,0.07355605419249917,0.08453077485144775,0.19919622475653345,0.24213316601898455
2.0,WF3,M_B2mG4,0.8286695947650549,0.8563976709109563,0.9755582198578723,0.9813389537817517,0.07282163587258321,0.08354650650644825,0.20756797258796744,0.2505201977323592
2.0,WF3,M_B2mG5,0.821418021284661,0.8499497402854241,0.9734920744752449,0.979714040083118,0.07357065575569083,0.08449201957776795,0.19985488965139026,0.24285104333994825
3.0,WF1,M0,0.6929245075180763,0.7420132687057193,0.9817523377376762,0.9864803623064069,0.031236922027651878,0.03773522817560301,0.036248355669474215,0.05549668789458138
3.0,WF1,M_G1,0.8826477824841846,0.9135297497682051,0.9947256883172324,0.9963222595927589,0.027475825638493857,0.032774336723708865,0.09411028922903365,0.12445930993648531
3.0,WF1,M_G2,0.6949933606099487,0.7434109682029677,0.9820031752389478,0.9867202774980169,0.031075677147924603,0.037691689344212354,0.03527797138384329,0.054250526578130794
3.0,WF1,M_G3,0.8704626471402435,0.9036174754348729,0.9938466929639784,0.9958435367407709,0.027990796142708056,0.033507332980946845,0.09143919377216629,0.1208017919819297
3.0,WF1,M_G4,0.7993993235600273,0.8481117333255896,0.9887543064737555,0.9925938779155247,0.032637473224273586,0.03875276628935357,0.07005218362063172,0.09660445512944595
3.0,WF1,M_G5,0.7057288141959546,0.7549185381934336,0.9829412153779636,0.987423729713953,0.031092626374565772,0.03751968767214386,0.037798653268690884,0.05765700987116405
3.0,WF1,M_simple,0.8814421633502366,0.9128640430380838,0.9946425621632878,0.9962716727154095,0.027413104044235737,0.0328101753486328,0.09473172083490806,0.12434146304326746
3.0,WF1,M_field,0.8430361454218767,0.8833134182921462,0.9914435906620234,0.9945851721012792,0.02896700493575142,0.03465430880143602,0.08323842220207475,0.11008912059376473
3.0,WF1,M_B2_full,0.8492762097422734,0.8881081739509875,0.9917169118849538,0.9948910424904592,0.02885885900656642,0.03441859910271166,0.08769199456765364,0.11514139029755548
3.0,WF1,M_ob,0.6936086457850469,0.7385669708245394,0.981818574627753,0.9865095295803326,0.031433546351072046,0.03782645873818484,0.03497192596000836,0.053092734451048215
3.0,WF1,M_full,0.8424729628914025,0.8813913509594966,0.9912291540245484,0.9945343625574293,0.030193868520162315,0.03615316781420205,0.08302151928704785,0.10913425010152533
3.0,WF1,M_full_minus_ob,0.8454828988066517,0.8847842043502371,0.9914184576797176,0.994714392412851,0.029557224124353628,0.034985375135803035,0.08600625989224878,0.11247973910016759
3.0,WF1,M_B2mG1,0.8334021421995608,0.8756381433412525,0.9907492878490495,0.994123760968391,0.029220287526842036,0.03483541488342307,0.08043545693822696,0.10709942656723524
3.0,WF1,M_B2mG2,0.8457623162301443,0.8858738866537755,0.9914125256779799,0.9946893808664101,0.029572280867050084,0.03509654311023131,0.08724978009360704,0.11472251265582525
3.0,WF1,M_B2mG3,0.8398539957580379,0.8808109653167002,0.991137675299637,0.994384376497155,0.029398605468497235,0.03515376717437961,0.08430530111150748,0.11057199785877693
3.0,WF1,M_B2mG4,0.8829933389509229,0.913515766487468,0.9945217681036628,0.9962996555315352,0.027328335087049325,0.0327123970567848,0.09532135139914906,0.12461240727488472
3.0,WF1,M_B2mG5,0.8441273176626533,0.8844036725027103,0.9912517173972241,0.9946363168810582,0.029508647740975138,0.035084447129422325,0.08603749830441909,0.11435433896838919
3.0,WF2,M0,0.6607640418847395,0.721281495536547,0.9696579977086194,0.9797460162003147,0.03941723288642771,0.05139825833030798,0.04369057803124472,0.07135133706931125
3.0,WF2,M_G1,0.8487676044416071,0.8952519320350986,0.9896772580956924,0.99415113490191,0.033712269567363666,0.04282649833042775,0.1119942542350595,0.15185114449908974
3.0,WF2,M_G2,0.623323233645326,0.6976209782651298,0.9661115233224378,0.9786222496376462,0.03986696874084576,0.05233368190649605,0.029799043991981664,0.05884825590898844
3.0,WF2,M_G3,0.8365405614391218,0.8810932662095871,0.9882104785729651,0.9928034682674899,0.03435995971211055,0.04355855567331616,0.10669571261028335,0.14977453190090517
3.0,WF2,M_G4,0.7934767747341362,0.8516563543242205,0.9846927975437628,0.9907304265895627,0.03797447900198812,0.04775207816423168,0.09000547436903023,0.12395688492822599
3.0,WF2,M_G5,0.6719013790126357,0.7377896409261466,0.970697427892518,0.9814660944375102,0.0392868732855437,0.051303233184209755,0.04408995156227567,0.07226199030166161
3.0,WF2,M_simple,0.8430478201518142,0.8939634502794966,0.9889724665370118,0.9940348993987949,0.033788220607110404,0.04322075782770226,0.11344119788255505,0.15132719757913815
3.0,WF2,M_field,0.8267036415873397,0.8753889617031396,0.987935586481186,0.9926525214150285,0.036835199315152604,0.046033488374610486,0.10021123499685786,0.1344751521481907
3.0,WF2,M_B2_full,0.8315895164767435,0.8759981128236578,0.9885888475392983,0.9928335905941467,0.03748481238782133,0.046848783496810556,0.10126594265797494,0.1357454268199585
3.0,WF2,M_ob,0.6453673618092832,0.7129333595602404,0.9664455178758719,0.9789577178488226,0.039469631530837344,0.05165321196720731,0.04329649974980509,0.06956414304735695
3.0,WF2,M_full,0.8299354646805446,0.8768907488811698,0.9879435960126727,0.9927906321854785,0.03678431137789105,0.04565851345368864,0.09946564048532884,0.13334378734094293
3.0,WF2,M_full_minus_ob,0.8284174853614507,0.8758709153790815,0.9879408530203238,0.992672663958107,0.03639351977367687,0.045184409656856626,0.10055215300714457,0.13550250562699676
3.0,WF2,M_B2mG1,0.8174571892191583,0.8658831012190293,0.9868027173695569,0.9919527203496813,0.036601387909106727,0.04609390856344547,0.09889301933488226,0.13172620839599844
3.0,WF2,M_B2mG2,0.8317720093897232,0.8768030914803646,0.9885734706595376,0.9928949908939119,0.03673889494978081,0.046097557633841,0.10200566737766685,0.13654510524322475
3.0,WF2,M_B2mG3,0.8256902527411775,0.8754394613953974,0.9879006052743986,0.9926467270179453,0.03674630712473799,0.04592668591338762,0.09985130960757962,0.13382702712439598
3.0,WF2,M_B2mG4,0.8499598349946677,0.8914113169028841,0.9899771869778577,0.9939790157772974,0.033785934748374984,0.04324237235662014,0.11128149079307824,0.15050508638492832
3.0,WF2,M_B2mG5,0.8321896209953757,0.8767964116285111,0.9885760799696602,0.9929050166148617,0.03730033703312984,0.04669511013064338,0.1022432469888416,0.13586928678513038
3.0,WF3,M0,0.6636279930728296,0.7267239215036484,0.9723886609697419,0.9812371128916209,0.03749435822266597,0.04689922090109476,0.03401966514769289,0.06045944817363663
3.0,WF3,M_G1,0.8582859250501926,0.8943806407580234,0.9917840711664487,0.9945331928324579,0.03453975590143051,0.0425286950353468,0.10984655400133103,0.14770111855905121
3.0,WF3,M_G2,0.665568733874715,0.7242804148824823,0.9739707358471003,0.9819839371716114,0.037643445993541955,0.046935212853855615,0.032613819828054856,0.058750492281941194
3.0,WF3,M_G3,0.8382881707790707,0.8778207662465396,0.9890210330359794,0.9932607474067574,0.034806919121321736,0.042861711275315253,0.09598781114671599,0.12916045796402534
3.0,WF3,M_G4,0.8254179970474144,0.8668291656053977,0.9886854463628301,0.9925004301126953,0.035259620476805274,0.04271831537972631,0.10059868183854143,0.13311021681942659
3.0,WF3,M_G5,0.6823971597771568,0.7419773018429475,0.9760483840517805,0.9834930741362561,0.0373754149082769,0.04672726917817698,0.03964231184194252,0.06466748244701945
3.0,WF3,M_simple,0.858057571532356,0.8941169738835071,0.9917761149477047,0.9945351621323327,0.03466807104416036,0.04260143836168218,0.10910025132646649,0.1472268573942128
3.0,WF3,M_field,0.8579436411694026,0.8920054961112043,0.9915727429957055,0.9944311055323426,0.03469061369066856,0.04254663299143618,0.10778481822954372,0.14202171413641576
3.0,WF3,M_B2_full,0.8618162266670607,0.8937303156141174,0.9920250228723083,0.9945320362038976,0.03460483618194715,0.042472493749958,0.10683615774682374,0.14147882947419782
3.0,WF3,M_ob,0.6709228872826077,0.731334975277837,0.973998663233915,0.9821486178444743,0.037601403989796764,0.046934737769157846,0.03803706649670362,0.0635731328096892
3.0,WF3,M_full,0.8591053526010641,0.8891383941059066,0.9917769776586687,0.9943213447846184,0.03506987732490613,0.042887817051387674,0.10491724555757492,0.13856662811521733
3.0,WF3,M_full_minus_ob,0.8612044709227289,0.8919505330207801,0.9919563613581053,0.9944988247254816,0.03507672256859966,0.043003868785374294,0.10836089618594319,0.14157898378367237
3.0,WF3,M_B2mG1,0.8464596418849996,0.8835621855818604,0.9903855154426522,0.9936191543937961,0.034584542185121664,0.04235929513412639,0.10502510297424265,0.14038747969939433
3.0,WF3,M_B2mG2,0.8617208632282314,0.8939654432451845,0.9920449403616376,0.9945473157605654,0.03472927196158732,0.0425810749683655,0.1064361710309988,0.14025568575071007
3.0,WF3,M_B2mG3,0.8575501335805236,0.8917197398789249,0.9915875562747599,0.9944054024007393,0.0347009409109755,0.04258190293307267,0.10777791824368561,0.14189784737567937
3.0,WF3,M_B2mG4,0.8625914004427144,0.8962763217087482,0.9922390451156023,0.9946366809590695,0.03463141303543756,0.042476630164588726,0.10619292099183596,0.14365201601954614
3.0,WF3,M_B2mG5,0.8618268133768135,0.8933477313758079,0.9919636784159328,0.9945191569179018,0.03465744929477464,0.04253249710515671,0.1068379099575124,0.14101635398606452
