candidate_id,symbol,step,bar_index,bar_start_time,open,high,low,close,gap_minutes,contiguous_from_previous,open_atr,high_atr,low_atr,close_atr
AG:15m:0:-1:1067:1185:3,AG,9,4809.0,2025-03-13 01:45:00,8148.0,8151.0,8147.0,8149.0,5.0,True,1.2660652718910959,1.6880870291881278,1.1253913527920854,1.4067391909901066
AG:15m:0:-1:1067:1185:3,AG,10,4810.0,2025-03-13 01:50:00,8149.0,8150.0,8142.0,8143.0,5.0,True,1.4067391909901066,1.5474131100891173,0.42202175729703195,0.5626956763960427
AG:15m:0:-1:1067:1185:3,AG,11,4811.0,2025-03-13 01:55:00,8143.0,8144.0,8139.0,8139.0,5.0,True,0.5626956763960427,0.7033695954950533,0.0,0.0
AG:15m:0:-1:1067:1185:3,AG,12,4812.0,2025-03-13 02:00:00,8139.0,8145.0,8138.0,8144.0,5.0,True,0.0,0.8440435145940639,-0.14067391909901067,0.7033695954950533
AG:15m:0:-1:1067:1185:3,AG,13,4813.0,2025-03-13 02:05:00,8144.0,8145.0,8140.0,8141.0,5.0,True,0.7033695954950533,0.8440435145940639,0.14067391909901067,0.28134783819802134
AG:15m:0:-1:1067:1185:3,AG,14,4814.0,2025-03-13 02:10:00,8141.0,8146.0,8141.0,8145.0,5.0,True,0.28134783819802134,0.9847174336930746,0.28134783819802134,0.8440435145940639
AG:15m:0:-1:1067:1185:3,AG,15,4815.0,2025-03-13 02:15:00,8145.0,8146.0,8143.0,8144.0,5.0,True,0.8440435145940639,0.9847174336930746,0.5626956763960427,0.7033695954950533
AG:15m:0:-1:1067:1185:3,AG,16,4816.0,2025-03-13 02:20:00,8144.0,8146.0,8142.0,8146.0,5.0,True,0.7033695954950533,0.9847174336930746,0.42202175729703195,0.9847174336930746
AG:15m:0:-1:1067:1185:3,AG,17,4817.0,2025-03-13 02:25:00,8145.0,8149.0,8145.0,8148.0,5.0,True,0.8440435145940639,1.4067391909901066,0.8440435145940639,1.2660652718910959
AG:15m:0:-1:1067:1185:3,AG,18,4818.0,2025-03-13 09:00:00,8154.0,8162.0,8149.0,8150.0,395.0,False,2.11010878648516,3.235500139277245,1.4067391909901066,1.5474131100891173
AG:15m:0:-1:1067:1185:3,AG,19,4819.0,2025-03-13 09:05:00,8151.0,8151.0,8144.0,8147.0,5.0,True,1.6880870291881278,1.6880870291881278,0.7033695954950533,1.1253913527920854
AG:15m:0:-1:1067:1185:3,AG,20,4820.0,2025-03-13 09:10:00,8148.0,8153.0,8144.0,8150.0,5.0,True,1.2660652718910959,1.9694348673861493,0.7033695954950533,1.5474131100891173
AG:15m:0:-1:1067:1185:3,AG,21,4821.0,2025-03-13 09:15:00,8150.0,8153.0,8148.0,8152.0,5.0,True,1.5474131100891173,1.9694348673861493,1.2660652718910959,1.8287609482871385
AG:15m:0:-1:1067:1185:3,AG,22,4822.0,2025-03-13 09:20:00,8152.0,8152.0,8146.0,8149.0,5.0,True,1.8287609482871385,1.8287609482871385,0.9847174336930746,1.4067391909901066
AG:15m:0:-1:1067:1185:3,AG,23,4823.0,2025-03-13 09:25:00,8149.0,8150.0,8142.0,8148.0,5.0,True,1.4067391909901066,1.5474131100891173,0.42202175729703195,1.2660652718910959
AG:15m:0:-1:1067:1185:3,AG,24,4824.0,2025-03-13 09:30:00,8147.0,8152.0,8144.0,8145.0,5.0,True,1.1253913527920854,1.8287609482871385,0.7033695954950533,0.8440435145940639
AG:15m:1:-1:1183:1186:1,AG,1,4087.0,2025-03-04 21:05:00,7974.0,7980.0,7967.0,7968.0,0.0,False,0.0,0.6258061335680615,-0.7301071558294051,-0.6258061335680615
AG:15m:1:-1:1183:1186:1,AG,2,4088.0,2025-03-04 21:10:00,7969.0,7971.0,7959.0,7965.0,5.0,True,-0.521505111306718,-0.31290306678403074,-1.5645153339201539,-0.9387092003520923
AG:15m:1:-1:1183:1186:1,AG,3,4089.0,2025-03-04 21:15:00,7965.0,7968.0,7961.0,7964.0,5.0,True,-0.9387092003520923,-0.6258061335680615,-1.3559132893974666,-1.043010222613436
AG:15m:1:-1:1183:1186:1,AG,4,4090.0,2025-03-04 21:20:00,7964.0,7964.0,7953.0,7957.0,5.0,True,-1.043010222613436,-1.043010222613436,-2.190321467488215,-1.773117378442841
AG:15m:1:-1:1183:1186:1,AG,5,4091.0,2025-03-04 21:25:00,7957.0,7962.0,7950.0,7951.0,5.0,True,-1.773117378442841,-1.251612267136123,-2.503224534272246,-2.3989235120109025
AG:15m:1:-1:1183:1186:1,AG,6,4092.0,2025-03-04 21:30:00,7951.0,7966.0,7951.0,7964.0,5.0,True,-2.3989235120109025,-0.8344081780907487,-2.3989235120109025,-1.043010222613436
AG:15m:1:-1:1183:1186:1,AG,7,4093.0,2025-03-04 21:35:00,7964.0,7967.0,7960.0,7962.0,5.0,True,-1.043010222613436,-0.7301071558294051,-1.4602143116588102,-1.251612267136123
AG:15m:1:-1:1183:1186:1,AG,8,4094.0,2025-03-04 21:40:00,7962.0,7964.0,7951.0,7953.0,5.0,True,-1.251612267136123,-1.043010222613436,-2.3989235120109025,-2.190321467488215
AG:15m:1:-1:1183:1186:1,AG,9,4095.0,2025-03-04 21:45:00,7953.0,7956.0,7949.0,7954.0,5.0,True,-2.190321467488215,-1.8774184007041845,-2.6075255565335898,-2.086020445226872
AG:15m:1:-1:1183:1186:1,AG,10,4096.0,2025-03-04 21:50:00,7955.0,7958.0,7950.0,7955.0,5.0,True,-1.9817194229655282,-1.6688163561814975,-2.503224534272246,-1.9817194229655282
AG:15m:1:-1:1183:1186:1,AG,11,4097.0,2025-03-04 21:55:00,7954.0,7956.0,7952.0,7952.0,5.0,True,-2.086020445226872,-1.8774184007041845,-2.294622489749559,-2.294622489749559
AG:15m:1:-1:1183:1186:1,AG,12,4098.0,2025-03-04 22:00:00,7952.0,7961.0,7952.0,7960.0,5.0,True,-2.294622489749559,-1.3559132893974666,-2.294622489749559,-1.4602143116588102
AG:15m:1:-1:1183:1186:1,AG,13,4099.0,2025-03-04 22:05:00,7960.0,7965.0,7957.0,7963.0,5.0,True,-1.4602143116588102,-0.9387092003520923,-1.773117378442841,-1.1473112448747795
AG:15m:1:-1:1183:1186:1,AG,14,4100.0,2025-03-04 22:10:00,7964.0,7964.0,7955.0,7956.0,5.0,True,-1.043010222613436,-1.043010222613436,-1.9817194229655282,-1.8774184007041845
AG:15m:1:-1:1183:1186:1,AG,15,4101.0,2025-03-04 22:15:00,7956.0,7958.0,7950.0,7954.0,5.0,True,-1.8774184007041845,-1.6688163561814975,-2.503224534272246,-2.086020445226872
AG:15m:1:-1:1183:1186:1,AG,16,4102.0,2025-03-04 22:20:00,7954.0,7956.0,7949.0,7955.0,5.0,True,-2.086020445226872,-1.8774184007041845,-2.6075255565335898,-1.9817194229655282
AG:15m:1:-1:1183:1186:1,AG,17,4103.0,2025-03-04 22:25:00,7955.0,7962.0,7954.0,7959.0,5.0,True,-1.9817194229655282,-1.251612267136123,-2.086020445226872,-1.5645153339201539
AG:15m:1:-1:1183:1186:1,AG,18,4104.0,2025-03-04 22:30:00,7959.0,7964.0,7945.0,7945.0,5.0,True,-1.5645153339201539,-1.043010222613436,-3.024729645578964,-3.024729645578964
AG:15m:1:-1:1183:1186:1,AG,19,4105.0,2025-03-04 22:35:00,7946.0,7951.0,7942.0,7948.0,5.0,True,-2.9204286233176204,-2.3989235120109025,-3.337632712362995,-2.711826578794933
AG:15m:1:-1:1183:1186:1,AG,20,4106.0,2025-03-04 22:40:00,7948.0,7951.0,7928.0,7936.0,5.0,True,-2.711826578794933,-2.3989235120109025,-4.797847024021805,-3.9634388459310563
AG:15m:1:-1:1183:1186:1,AG,21,4107.0,2025-03-04 22:45:00,7937.0,7937.0,7929.0,7932.0,5.0,True,-3.859137823669713,-3.859137823669713,-4.6935460017604616,-4.38064293497643
AG:15m:1:-1:1183:1186:1,AG,22,4108.0,2025-03-04 22:50:00,7932.0,7939.0,7925.0,7932.0,5.0,True,-4.38064293497643,-3.6505357791470257,-5.110750090805836,-4.38064293497643
AG:15m:1:-1:1183:1186:1,AG,23,4109.0,2025-03-04 22:55:00,7932.0,7935.0,7918.0,7918.0,5.0,True,-4.38064293497643,-4.0677398681924,-5.840857246635241,-5.840857246635241
AG:15m:1:-1:1183:1186:1,AG,24,4110.0,2025-03-04 23:00:00,7919.0,7928.0,7914.0,7922.0,5.0,True,-5.7365562243738975,-4.797847024021805,-6.258061335680615,-5.423653157589866
AG:15m:1:-1:1183:1186:2,AG,1,4180.0,2025-03-05 13:35:00,7967.0,7970.0,7965.0,7966.0,0.0,False,0.0,0.3321120783649506,-0.2214080522433004,-0.1107040261216502
AG:15m:1:-1:1183:1186:2,AG,2,4181.0,2025-03-05 13:40:00,7966.0,7970.0,7966.0,7969.0,5.0,True,-0.1107040261216502,0.3321120783649506,-0.1107040261216502,0.2214080522433004
AG:15m:1:-1:1183:1186:2,AG,3,4182.0,2025-03-05 13:45:00,7969.0,7977.0,7967.0,7975.0,5.0,True,0.2214080522433004,1.107040261216502,0.0,0.8856322089732016
AG:15m:1:-1:1183:1186:2,AG,4,4183.0,2025-03-05 13:50:00,7974.0,7991.0,7974.0,7987.0,5.0,True,0.7749281828515514,2.656896626919605,0.7749281828515514,2.214080522433004
AG:15m:1:-1:1183:1186:2,AG,5,4184.0,2025-03-05 13:55:00,7987.0,7989.0,7984.0,7988.0,5.0,True,2.214080522433004,2.435488574676304,1.8819684440680533,2.3247845485546543
AG:15m:1:-1:1183:1186:2,AG,6,4185.0,2025-03-05 14:00:00,7989.0,7994.0,7983.0,7986.0,5.0,True,2.435488574676304,2.9890087052845553,1.7712644179464032,2.1033764963113537
AG:15m:1:-1:1183:1186:2,AG,7,4186.0,2025-03-05 14:05:00,7985.0,7991.0,7984.0,7987.0,5.0,True,1.9926724701897036,2.656896626919605,1.8819684440680533,2.214080522433004
AG:15m:1:-1:1183:1186:2,AG,8,4187.0,2025-03-05 14:10:00,7987.0,7996.0,7986.0,7994.0,5.0,True,2.214080522433004,3.210416757527856,2.1033764963113537,2.9890087052845553
AG:15m:1:-1:1183:1186:2,AG,9,4188.0,2025-03-05 14:15:00,7994.0,7999.0,7990.0,7996.0,5.0,True,2.9890087052845553,3.5425288358928064,2.5461926007979545,3.210416757527856
AG:15m:1:-1:1183:1186:2,AG,10,4189.0,2025-03-05 14:20:00,7996.0,7997.0,7988.0,7989.0,5.0,True,3.210416757527856,3.321120783649506,2.3247845485546543,2.435488574676304
AG:15m:1:-1:1183:1186:2,AG,11,4190.0,2025-03-05 14:25:00,7988.0,7991.0,7987.0,7991.0,5.0,True,2.3247845485546543,2.656896626919605,2.214080522433004,2.656896626919605
AG:15m:1:-1:1183:1186:2,AG,12,4191.0,2025-03-05 14:30:00,7991.0,7992.0,7986.0,7991.0,5.0,True,2.656896626919605,2.767600653041255,2.1033764963113537,2.656896626919605
AG:15m:1:-1:1183:1186:2,AG,13,4192.0,2025-03-05 14:35:00,7990.0,7993.0,7985.0,7986.0,5.0,True,2.5461926007979545,2.878304679162905,1.9926724701897036,2.1033764963113537
AG:15m:1:-1:1183:1186:2,AG,14,4193.0,2025-03-05 14:40:00,7985.0,7990.0,7980.0,7989.0,5.0,True,1.9926724701897036,2.5461926007979545,1.4391523395814525,2.435488574676304
AG:15m:1:-1:1183:1186:2,AG,15,4194.0,2025-03-05 14:45:00,7989.0,7989.0,7984.0,7984.0,5.0,True,2.435488574676304,2.435488574676304,1.8819684440680533,1.8819684440680533
AG:15m:1:-1:1183:1186:2,AG,16,4195.0,2025-03-05 14:50:00,7985.0,7989.0,7984.0,7987.0,5.0,True,1.9926724701897036,2.435488574676304,1.8819684440680533,2.214080522433004
AG:15m:1:-1:1183:1186:2,AG,17,4196.0,2025-03-05 14:55:00,7986.0,7989.0,7985.0,7987.0,5.0,True,2.1033764963113537,2.435488574676304,1.9926724701897036,2.214080522433004
AG:15m:1:-1:1183:1186:2,AG,18,4197.0,2025-03-05 21:00:00,8018.0,8018.0,7991.0,7998.0,365.0,False,5.64590533220416,5.64590533220416,2.656896626919605,3.431824809771156
AG:15m:1:-1:1183:1186:2,AG,19,4198.0,2025-03-05 21:05:00,8000.0,8006.0,7990.0,7990.0,5.0,True,3.6532328620144567,4.317457018744358,2.5461926007979545,2.5461926007979545
AG:15m:1:-1:1183:1186:2,AG,20,4199.0,2025-03-05 21:10:00,7990.0,7995.0,7990.0,7993.0,5.0,True,2.5461926007979545,3.0997127314062056,2.5461926007979545,2.878304679162905
AG:15m:1:-1:1183:1186:2,AG,21,4200.0,2025-03-05 21:15:00,7993.0,8005.0,7992.0,7996.0,5.0,True,2.878304679162905,4.206752992622707,2.767600653041255,3.210416757527856
AG:15m:1:-1:1183:1186:2,AG,22,4201.0,2025-03-05 21:20:00,7996.0,8007.0,7994.0,7996.0,5.0,True,3.210416757527856,4.428161044866008,2.9890087052845553,3.210416757527856
AG:15m:1:-1:1183:1186:2,AG,23,4202.0,2025-03-05 21:25:00,7996.0,8001.0,7984.0,7988.0,5.0,True,3.210416757527856,3.7639368881361066,1.8819684440680533,2.3247845485546543
AG:15m:1:-1:1183:1186:2,AG,24,4203.0,2025-03-05 21:30:00,7988.0,7999.0,7978.0,7983.0,5.0,True,2.3247845485546543,3.5425288358928064,1.217744287338152,1.7712644179464032
AG:15m:1:-1:1183:1186:3,AG,1,4184.0,2025-03-05 13:55:00,7987.0,7989.0,7984.0,7988.0,0.0,False,0.0,0.2191623081984608,-0.32874346229769125,0.1095811540992304
AG:15m:1:-1:1183:1186:3,AG,2,4185.0,2025-03-05 14:00:00,7989.0,7994.0,7983.0,7986.0,5.0,True,0.2191623081984608,0.7670680786946129,-0.4383246163969216,-0.1095811540992304
AG:15m:1:-1:1183:1186:3,AG,3,4186.0,2025-03-05 14:05:00,7985.0,7991.0,7984.0,7987.0,5.0,True,-0.2191623081984608,0.4383246163969216,-0.32874346229769125,0.0
AG:15m:1:-1:1183:1186:3,AG,4,4187.0,2025-03-05 14:10:00,7987.0,7996.0,7986.0,7994.0,5.0,True,0.0,0.9862303868930736,-0.1095811540992304,0.7670680786946129
AG:15m:1:-1:1183:1186:3,AG,5,4188.0,2025-03-05 14:15:00,7994.0,7999.0,7990.0,7996.0,5.0,True,0.7670680786946129,1.314973849190765,0.32874346229769125,0.9862303868930736
AG:15m:1:-1:1183:1186:3,AG,6,4189.0,2025-03-05 14:20:00,7996.0,7997.0,7988.0,7989.0,5.0,True,0.9862303868930736,1.0958115409923042,0.1095811540992304,0.2191623081984608
AG:15m:1:-1:1183:1186:3,AG,7,4190.0,2025-03-05 14:25:00,7988.0,7991.0,7987.0,7991.0,5.0,True,0.1095811540992304,0.4383246163969216,0.0,0.4383246163969216
AG:15m:1:-1:1183:1186:3,AG,8,4191.0,2025-03-05 14:30:00,7991.0,7992.0,7986.0,7991.0,5.0,True,0.4383246163969216,0.5479057704961521,-0.1095811540992304,0.4383246163969216
AG:15m:1:-1:1183:1186:3,AG,9,4192.0,2025-03-05 14:35:00,7990.0,7993.0,7985.0,7986.0,5.0,True,0.32874346229769125,0.6574869245953825,-0.2191623081984608,-0.1095811540992304
AG:15m:1:-1:1183:1186:3,AG,10,4193.0,2025-03-05 14:40:00,7985.0,7990.0,7980.0,7989.0,5.0,True,-0.2191623081984608,0.32874346229769125,-0.7670680786946129,0.2191623081984608
AG:15m:1:-1:1183:1186:3,AG,11,4194.0,2025-03-05 14:45:00,7989.0,7989.0,7984.0,7984.0,5.0,True,0.2191623081984608,0.2191623081984608,-0.32874346229769125,-0.32874346229769125
AG:15m:1:-1:1183:1186:3,AG,12,4195.0,2025-03-05 14:50:00,7985.0,7989.0,7984.0,7987.0,5.0,True,-0.2191623081984608,0.2191623081984608,-0.32874346229769125,0.0
AG:15m:1:-1:1183:1186:3,AG,13,4196.0,2025-03-05 14:55:00,7986.0,7989.0,7985.0,7987.0,5.0,True,-0.1095811540992304,0.2191623081984608,-0.2191623081984608,0.0
AG:15m:1:-1:1183:1186:3,AG,14,4197.0,2025-03-05 21:00:00,8018.0,8018.0,7991.0,7998.0,365.0,False,3.3970157770761427,3.3970157770761427,0.4383246163969216,1.2053926950915346
AG:15m:1:-1:1183:1186:3,AG,15,4198.0,2025-03-05 21:05:00,8000.0,8006.0,7990.0,7990.0,5.0,True,1.4245550032899954,2.0820419278853777,0.32874346229769125,0.32874346229769125
AG:15m:1:-1:1183:1186:3,AG,16,4199.0,2025-03-05 21:10:00,7990.0,7995.0,7990.0,7993.0,5.0,True,0.32874346229769125,0.8766492327938432,0.32874346229769125,0.6574869245953825
AG:15m:1:-1:1183:1186:3,AG,17,4200.0,2025-03-05 21:15:00,7993.0,8005.0,7992.0,7996.0,5.0,True,0.6574869245953825,1.9724607737861473,0.5479057704961521,0.9862303868930736
AG:15m:1:-1:1183:1186:3,AG,18,4201.0,2025-03-05 21:20:00,7996.0,8007.0,7994.0,7996.0,5.0,True,0.9862303868930736,2.1916230819846083,0.7670680786946129,0.9862303868930736
AG:15m:1:-1:1183:1186:3,AG,19,4202.0,2025-03-05 21:25:00,7996.0,8001.0,7984.0,7988.0,5.0,True,0.9862303868930736,1.5341361573892258,-0.32874346229769125,0.1095811540992304
AG:15m:1:-1:1183:1186:3,AG,20,4203.0,2025-03-05 21:30:00,7988.0,7999.0,7978.0,7983.0,5.0,True,0.1095811540992304,1.314973849190765,-0.9862303868930736,-0.4383246163969216
AG:15m:1:-1:1183:1186:3,AG,21,4204.0,2025-03-05 21:35:00,7984.0,7985.0,7975.0,7977.0,5.0,True,-0.32874346229769125,-0.2191623081984608,-1.314973849190765,-1.0958115409923042
AG:15m:1:-1:1183:1186:3,AG,22,4205.0,2025-03-05 21:40:00,7977.0,7981.0,7955.0,7955.0,5.0,True,-1.0958115409923042,-0.6574869245953825,-3.506596931175373,-3.506596931175373
AG:15m:1:-1:1183:1186:3,AG,23,4206.0,2025-03-05 21:45:00,7956.0,7964.0,7945.0,7946.0,5.0,True,-3.3970157770761427,-2.5203665442822993,-4.602408472167677,-4.492827318068446
AG:15m:1:-1:1183:1186:3,AG,24,4207.0,2025-03-05 21:50:00,7947.0,7961.0,7942.0,7956.0,5.0,True,-4.383246163969217,-2.849110006579991,-4.931151934465368,-3.3970157770761427
AG:15m:1:-1:1208:1219:1,AG,1,3665.0,2025-02-26 22:55:00,7917.0,7917.0,7907.0,7907.0,0.0,False,0.0,0.0,-0.9157773672018549,-0.9157773672018549
AG:15m:1:-1:1208:1219:1,AG,2,3666.0,2025-02-26 23:00:00,7908.0,7912.0,7901.0,7907.0,5.0,True,-0.8241996304816693,-0.45788868360092744,-1.4652437875229678,-0.9157773672018549
AG:15m:1:-1:1208:1219:1,AG,3,3667.0,2025-02-26 23:05:00,7908.0,7920.0,7907.0,7918.0,5.0,True,-0.8241996304816693,0.27473321016055646,-0.9157773672018549,0.09157773672018549
AG:15m:1:-1:1208:1219:1,AG,4,3668.0,2025-02-26 23:10:00,7918.0,7927.0,7918.0,7922.0,5.0,True,0.09157773672018549,0.9157773672018549,0.09157773672018549,0.45788868360092744
AG:15m:1:-1:1208:1219:1,AG,5,3669.0,2025-02-26 23:15:00,7922.0,7935.0,7922.0,7928.0,5.0,True,0.45788868360092744,1.6483992609633387,0.45788868360092744,1.0073551039220403
AG:15m:1:-1:1208:1219:1,AG,6,3670.0,2025-02-26 23:20:00,7929.0,7931.0,7924.0,7929.0,5.0,True,1.0989328406422258,1.2820883140825967,0.6410441570412984,1.0989328406422258
AG:15m:1:-1:1208:1219:1,AG,7,3671.0,2025-02-26 23:25:00,7930.0,7935.0,7928.0,7929.0,5.0,True,1.1905105773624114,1.6483992609633387,1.0073551039220403,1.0989328406422258
AG:15m:1:-1:1208:1219:1,AG,8,3672.0,2025-02-26 23:30:00,7930.0,7933.0,7925.0,7926.0,5.0,True,1.1905105773624114,1.4652437875229678,0.7326218937614839,0.8241996304816693
AG:15m:1:-1:1208:1219:1,AG,9,3673.0,2025-02-26 23:35:00,7926.0,7929.0,7923.0,7926.0,5.0,True,0.8241996304816693,1.0989328406422258,0.5494664203211129,0.8241996304816693
AG:15m:1:-1:1208:1219:1,AG,10,3674.0,2025-02-26 23:40:00,7927.0,7931.0,7926.0,7927.0,5.0,True,0.9157773672018549,1.2820883140825967,0.8241996304816693,0.9157773672018549
AG:15m:1:-1:1208:1219:1,AG,11,3675.0,2025-02-26 23:45:00,7927.0,7929.0,7921.0,7922.0,5.0,True,0.9157773672018549,1.0989328406422258,0.36631094688074195,0.45788868360092744
AG:15m:1:-1:1208:1219:1,AG,12,3676.0,2025-02-26 23:50:00,7923.0,7932.0,7922.0,7927.0,5.0,True,0.5494664203211129,1.3736660508027823,0.45788868360092744,0.9157773672018549
AG:15m:1:-1:1208:1219:1,AG,13,3677.0,2025-02-26 23:55:00,7927.0,7932.0,7927.0,7930.0,5.0,True,0.9157773672018549,1.3736660508027823,0.9157773672018549,1.1905105773624114
AG:15m:1:-1:1208:1219:1,AG,14,3678.0,2025-02-27 00:00:00,7931.0,7944.0,7928.0,7944.0,5.0,True,1.2820883140825967,2.472598891445008,1.0073551039220403,2.472598891445008
AG:15m:1:-1:1208:1219:1,AG,15,3679.0,2025-02-27 00:05:00,7944.0,7944.0,7930.0,7932.0,5.0,True,2.472598891445008,2.472598891445008,1.1905105773624114,1.3736660508027823
AG:15m:1:-1:1208:1219:1,AG,16,3680.0,2025-02-27 00:10:00,7932.0,7932.0,7928.0,7930.0,5.0,True,1.3736660508027823,1.3736660508027823,1.0073551039220403,1.1905105773624114
AG:15m:1:-1:1208:1219:1,AG,17,3681.0,2025-02-27 00:15:00,7931.0,7933.0,7923.0,7926.0,5.0,True,1.2820883140825967,1.4652437875229678,0.5494664203211129,0.8241996304816693
AG:15m:1:-1:1208:1219:1,AG,18,3682.0,2025-02-27 00:20:00,7926.0,7932.0,7926.0,7928.0,5.0,True,0.8241996304816693,1.3736660508027823,0.8241996304816693,1.0073551039220403
AG:15m:1:-1:1208:1219:1,AG,19,3683.0,2025-02-27 00:25:00,7928.0,7931.0,7927.0,7928.0,5.0,True,1.0073551039220403,1.2820883140825967,0.9157773672018549,1.0073551039220403
AG:15m:1:-1:1208:1219:1,AG,20,3684.0,2025-02-27 00:30:00,7928.0,7933.0,7928.0,7930.0,5.0,True,1.0073551039220403,1.4652437875229678,1.0073551039220403,1.1905105773624114
AG:15m:1:-1:1208:1219:1,AG,21,3685.0,2025-02-27 00:35:00,7930.0,7940.0,7930.0,7937.0,5.0,True,1.1905105773624114,2.1062879445642664,1.1905105773624114,1.8315547344037097
AG:15m:1:-1:1208:1219:1,AG,22,3686.0,2025-02-27 00:40:00,7937.0,7940.0,7936.0,7937.0,5.0,True,1.8315547344037097,2.1062879445642664,1.7399769976835242,1.8315547344037097
AG:15m:1:-1:1208:1219:1,AG,23,3687.0,2025-02-27 00:45:00,7938.0,7939.0,7932.0,7932.0,5.0,True,1.9231324711238953,2.0147102078440806,1.3736660508027823,1.3736660508027823
AG:15m:1:-1:1208:1219:1,AG,24,3688.0,2025-02-27 00:50:00,7931.0,7939.0,7930.0,7939.0,5.0,True,1.2820883140825967,2.0147102078440806,1.1905105773624114,2.0147102078440806
AG:15m:1:-1:1208:1219:2,AG,1,3669.0,2025-02-26 23:15:00,7922.0,7935.0,7922.0,7928.0,0.0,False,0.0,1.1956337950723461,0.0,0.5518309823410829
AG:15m:1:-1:1208:1219:2,AG,2,3670.0,2025-02-26 23:20:00,7929.0,7931.0,7924.0,7929.0,5.0,True,0.6438028127312634,0.8277464735116243,0.18394366078036095,0.6438028127312634
AG:15m:1:-1:1208:1219:2,AG,3,3671.0,2025-02-26 23:25:00,7930.0,7935.0,7928.0,7929.0,5.0,True,0.7357746431214438,1.1956337950723461,0.5518309823410829,0.6438028127312634
AG:15m:1:-1:1208:1219:2,AG,4,3672.0,2025-02-26 23:30:00,7930.0,7933.0,7925.0,7926.0,5.0,True,0.7357746431214438,1.0116901342919853,0.2759154911705414,0.3678873215607219
AG:15m:1:-1:1208:1219:2,AG,5,3673.0,2025-02-26 23:35:00,7926.0,7929.0,7923.0,7926.0,5.0,True,0.3678873215607219,0.6438028127312634,0.09197183039018048,0.3678873215607219
AG:15m:1:-1:1208:1219:2,AG,6,3674.0,2025-02-26 23:40:00,7927.0,7931.0,7926.0,7927.0,5.0,True,0.4598591519509024,0.8277464735116243,0.3678873215607219,0.4598591519509024
AG:15m:1:-1:1208:1219:2,AG,7,3675.0,2025-02-26 23:45:00,7927.0,7929.0,7921.0,7922.0,5.0,True,0.4598591519509024,0.6438028127312634,-0.09197183039018048,0.0
AG:15m:1:-1:1208:1219:2,AG,8,3676.0,2025-02-26 23:50:00,7923.0,7932.0,7922.0,7927.0,5.0,True,0.09197183039018048,0.9197183039018048,0.0,0.4598591519509024
AG:15m:1:-1:1208:1219:2,AG,9,3677.0,2025-02-26 23:55:00,7927.0,7932.0,7927.0,7930.0,5.0,True,0.4598591519509024,0.9197183039018048,0.4598591519509024,0.7357746431214438
AG:15m:1:-1:1208:1219:2,AG,10,3678.0,2025-02-27 00:00:00,7931.0,7944.0,7928.0,7944.0,5.0,True,0.8277464735116243,2.0233802685839706,0.5518309823410829,2.0233802685839706
AG:15m:1:-1:1208:1219:2,AG,11,3679.0,2025-02-27 00:05:00,7944.0,7944.0,7930.0,7932.0,5.0,True,2.0233802685839706,2.0233802685839706,0.7357746431214438,0.9197183039018048
AG:15m:1:-1:1208:1219:2,AG,12,3680.0,2025-02-27 00:10:00,7932.0,7932.0,7928.0,7930.0,5.0,True,0.9197183039018048,0.9197183039018048,0.5518309823410829,0.7357746431214438
AG:15m:1:-1:1208:1219:2,AG,13,3681.0,2025-02-27 00:15:00,7931.0,7933.0,7923.0,7926.0,5.0,True,0.8277464735116243,1.0116901342919853,0.09197183039018048,0.3678873215607219
AG:15m:1:-1:1208:1219:2,AG,14,3682.0,2025-02-27 00:20:00,7926.0,7932.0,7926.0,7928.0,5.0,True,0.3678873215607219,0.9197183039018048,0.3678873215607219,0.5518309823410829
AG:15m:1:-1:1208:1219:2,AG,15,3683.0,2025-02-27 00:25:00,7928.0,7931.0,7927.0,7928.0,5.0,True,0.5518309823410829,0.8277464735116243,0.4598591519509024,0.5518309823410829
AG:15m:1:-1:1208:1219:2,AG,16,3684.0,2025-02-27 00:30:00,7928.0,7933.0,7928.0,7930.0,5.0,True,0.5518309823410829,1.0116901342919853,0.5518309823410829,0.7357746431214438
AG:15m:1:-1:1208:1219:2,AG,17,3685.0,2025-02-27 00:35:00,7930.0,7940.0,7930.0,7937.0,5.0,True,0.7357746431214438,1.6554929470232487,0.7357746431214438,1.3795774558527072
AG:15m:1:-1:1208:1219:2,AG,18,3686.0,2025-02-27 00:40:00,7937.0,7940.0,7936.0,7937.0,5.0,True,1.3795774558527072,1.6554929470232487,1.2876056254625268,1.3795774558527072
AG:15m:1:-1:1208:1219:2,AG,19,3687.0,2025-02-27 00:45:00,7938.0,7939.0,7932.0,7932.0,5.0,True,1.4715492862428876,1.563521116633068,0.9197183039018048,0.9197183039018048
AG:15m:1:-1:1208:1219:2,AG,20,3688.0,2025-02-27 00:50:00,7931.0,7939.0,7930.0,7939.0,5.0,True,0.8277464735116243,1.563521116633068,0.7357746431214438,1.563521116633068
AG:15m:1:-1:1208:1219:2,AG,21,3689.0,2025-02-27 00:55:00,7938.0,7939.0,7934.0,7935.0,5.0,True,1.4715492862428876,1.563521116633068,1.1036619646821657,1.1956337950723461
AG:15m:1:-1:1208:1219:2,AG,22,3690.0,2025-02-27 01:00:00,7935.0,7939.0,7934.0,7937.0,5.0,True,1.1956337950723461,1.563521116633068,1.1036619646821657,1.3795774558527072
AG:15m:1:-1:1208:1219:2,AG,23,3691.0,2025-02-27 01:05:00,7938.0,7939.0,7936.0,7938.0,5.0,True,1.4715492862428876,1.563521116633068,1.2876056254625268,1.4715492862428876
AG:15m:1:-1:1208:1219:2,AG,24,3692.0,2025-02-27 01:10:00,7937.0,7943.0,7936.0,7937.0,5.0,True,1.3795774558527072,1.93140843819379,1.2876056254625268,1.3795774558527072
AG:15m:1:1:1220:1228:1,AG,1,3736.0,2025-02-27 13:35:00,7883.0,7883.0,7863.0,7874.0,0.0,False,0.0,0.0,-1.839205315025503,-0.8276423917614764
AG:15m:1:1:1220:1228:1,AG,2,3737.0,2025-02-27 13:40:00,7873.0,7882.0,7868.0,7879.0,5.0,True,-0.9196026575127515,-0.09196026575127515,-1.3794039862691274,-0.3678410630051006
AG:15m:1:1:1220:1228:1,AG,3,3738.0,2025-02-27 13:45:00,7879.0,7888.0,7878.0,7887.0,5.0,True,-0.3678410630051006,0.45980132875637575,-0.45980132875637575,0.3678410630051006
AG:15m:1:1:1220:1228:1,AG,4,3739.0,2025-02-27 13:50:00,7887.0,7887.0,7876.0,7882.0,5.0,True,0.3678410630051006,0.3678410630051006,-0.6437218602589261,-0.09196026575127515
AG:15m:1:1:1220:1228:1,AG,5,3740.0,2025-02-27 13:55:00,7882.0,7884.0,7877.0,7884.0,5.0,True,-0.09196026575127515,0.09196026575127515,-0.5517615945076509,0.09196026575127515
AG:15m:1:1:1220:1228:1,AG,6,3741.0,2025-02-27 14:00:00,7881.0,7899.0,7881.0,7898.0,5.0,True,-0.1839205315025503,1.4713642520204024,-0.1839205315025503,1.3794039862691274
AG:15m:1:1:1220:1228:1,AG,7,3742.0,2025-02-27 14:05:00,7898.0,7909.0,7898.0,7903.0,5.0,True,1.3794039862691274,2.390966909533154,1.3794039862691274,1.839205315025503
AG:15m:1:1:1220:1228:1,AG,8,3743.0,2025-02-27 14:10:00,7903.0,7907.0,7901.0,7906.0,5.0,True,1.839205315025503,2.2070463780306038,1.6552847835229527,2.1150861122793287
AG:15m:1:1:1220:1228:1,AG,9,3744.0,2025-02-27 14:15:00,7906.0,7906.0,7900.0,7904.0,5.0,True,2.1150861122793287,2.1150861122793287,1.5633245177716777,1.9311655807767782
AG:15m:1:1:1220:1228:1,AG,10,3745.0,2025-02-27 14:20:00,7905.0,7909.0,7903.0,7905.0,5.0,True,2.0231258465280533,2.390966909533154,1.839205315025503,2.0231258465280533
AG:15m:1:1:1220:1228:1,AG,11,3746.0,2025-02-27 14:25:00,7906.0,7907.0,7898.0,7899.0,5.0,True,2.1150861122793287,2.2070463780306038,1.3794039862691274,1.4713642520204024
AG:15m:1:1:1220:1228:1,AG,12,3747.0,2025-02-27 14:30:00,7899.0,7907.0,7899.0,7903.0,5.0,True,1.4713642520204024,2.2070463780306038,1.4713642520204024,1.839205315025503
AG:15m:1:1:1220:1228:1,AG,13,3748.0,2025-02-27 14:35:00,7903.0,7906.0,7899.0,7905.0,5.0,True,1.839205315025503,2.1150861122793287,1.4713642520204024,2.0231258465280533
AG:15m:1:1:1220:1228:1,AG,14,3749.0,2025-02-27 14:40:00,7905.0,7907.0,7903.0,7905.0,5.0,True,2.0231258465280533,2.2070463780306038,1.839205315025503,2.0231258465280533
AG:15m:1:1:1220:1228:1,AG,15,3750.0,2025-02-27 14:45:00,7905.0,7906.0,7901.0,7902.0,5.0,True,2.0231258465280533,2.1150861122793287,1.6552847835229527,1.747245049274228
AG:15m:1:1:1220:1228:1,AG,16,3751.0,2025-02-27 14:50:00,7903.0,7904.0,7898.0,7898.0,5.0,True,1.839205315025503,1.9311655807767782,1.3794039862691274,1.3794039862691274
AG:15m:1:1:1220:1228:1,AG,17,3752.0,2025-02-27 14:55:00,7898.0,7901.0,7898.0,7900.0,5.0,True,1.3794039862691274,1.6552847835229527,1.3794039862691274,1.5633245177716777
AG:15m:1:1:1220:1228:1,AG,18,3753.0,2025-02-27 21:00:00,7926.0,7927.0,7915.0,7926.0,365.0,False,3.9542914273048315,4.0462516930561065,2.942728504040805,3.9542914273048315
AG:15m:1:1:1220:1228:1,AG,19,3754.0,2025-02-27 21:05:00,7927.0,7934.0,7921.0,7929.0,5.0,True,4.0462516930561065,4.689973553315033,3.494490098548456,4.2301722245586575
AG:15m:1:1:1220:1228:1,AG,20,3755.0,2025-02-27 21:10:00,7930.0,7930.0,7920.0,7924.0,5.0,True,4.322132490309932,4.322132490309932,3.402529832797181,3.7703708958022815
AG:15m:1:1:1220:1228:1,AG,21,3756.0,2025-02-27 21:15:00,7923.0,7932.0,7921.0,7926.0,5.0,True,3.678410630051006,4.506053021812483,3.494490098548456,3.9542914273048315
AG:15m:1:1:1220:1228:1,AG,22,3757.0,2025-02-27 21:20:00,7926.0,7932.0,7920.0,7921.0,5.0,True,3.9542914273048315,4.506053021812483,3.402529832797181,3.494490098548456
AG:15m:1:1:1220:1228:1,AG,23,3758.0,2025-02-27 21:25:00,7921.0,7925.0,7919.0,7921.0,5.0,True,3.494490098548456,3.8623311615535565,3.3105695670459054,3.494490098548456
AG:15m:1:1:1220:1228:1,AG,24,3759.0,2025-02-27 21:30:00,7924.0,7928.0,7912.0,7924.0,5.0,True,3.7703708958022815,4.138211958807382,2.6668477067869794,3.7703708958022815
AG:15m:1:-1:1233:1243:1,AG,1,3762.0,2025-02-27 21:45:00,7939.0,7944.0,7925.0,7938.0,0.0,False,0.0,0.45367374989630144,-1.2702864997096441,-0.09073474997926029
AG:15m:1:-1:1233:1243:1,AG,2,3763.0,2025-02-27 21:50:00,7938.0,7945.0,7934.0,7937.0,5.0,True,-0.09073474997926029,0.5444084998755617,-0.45367374989630144,-0.18146949995852057
AG:15m:1:-1:1233:1243:1,AG,3,3764.0,2025-02-27 21:55:00,7938.0,7939.0,7924.0,7931.0,5.0,True,-0.09073474997926029,0.0,-1.3610212496889043,-0.7258779998340823
AG:15m:1:-1:1233:1243:1,AG,4,3765.0,2025-02-27 22:00:00,7931.0,7938.0,7923.0,7936.0,5.0,True,-0.7258779998340823,-0.09073474997926029,-1.4517559996681646,-0.27220424993778086
AG:15m:1:-1:1233:1243:1,AG,5,3766.0,2025-02-27 22:05:00,7936.0,7936.0,7924.0,7934.0,5.0,True,-0.27220424993778086,-0.27220424993778086,-1.3610212496889043,-0.45367374989630144
AG:15m:1:-1:1233:1243:1,AG,6,3767.0,2025-02-27 22:10:00,7933.0,7938.0,7929.0,7937.0,5.0,True,-0.5444084998755617,-0.09073474997926029,-0.9073474997926029,-0.18146949995852057
AG:15m:1:-1:1233:1243:1,AG,7,3768.0,2025-02-27 22:15:00,7936.0,7940.0,7933.0,7936.0,5.0,True,-0.27220424993778086,0.09073474997926029,-0.5444084998755617,-0.27220424993778086
AG:15m:1:-1:1233:1243:1,AG,8,3769.0,2025-02-27 22:20:00,7936.0,7940.0,7933.0,7933.0,5.0,True,-0.27220424993778086,0.09073474997926029,-0.5444084998755617,-0.5444084998755617
AG:15m:1:-1:1233:1243:1,AG,9,3770.0,2025-02-27 22:25:00,7932.0,7936.0,7929.0,7930.0,5.0,True,-0.6351432498548221,-0.27220424993778086,-0.9073474997926029,-0.8166127498133426
AG:15m:1:-1:1233:1243:1,AG,10,3771.0,2025-02-27 22:30:00,7931.0,7932.0,7921.0,7923.0,5.0,True,-0.7258779998340823,-0.6351432498548221,-1.6332254996266853,-1.4517559996681646
AG:15m:1:-1:1233:1243:1,AG,11,3772.0,2025-02-27 22:35:00,7922.0,7929.0,7920.0,7923.0,5.0,True,-1.542490749647425,-0.9073474997926029,-1.7239602496059454,-1.4517559996681646
AG:15m:1:-1:1233:1243:1,AG,12,3773.0,2025-02-27 22:40:00,7923.0,7924.0,7909.0,7910.0,5.0,True,-1.4517559996681646,-1.3610212496889043,-2.7220424993778085,-2.631307749398548
AG:15m:1:-1:1233:1243:1,AG,13,3774.0,2025-02-27 22:45:00,7910.0,7910.0,7873.0,7885.0,5.0,True,-2.631307749398548,-2.631307749398548,-5.988493498631179,-4.899676498880056
AG:15m:1:-1:1233:1243:1,AG,14,3775.0,2025-02-27 22:50:00,7885.0,7886.0,7875.0,7883.0,5.0,True,-4.899676498880056,-4.8089417489007955,-5.807023998672658,-5.0811459988385765
AG:15m:1:-1:1233:1243:1,AG,15,3776.0,2025-02-27 22:55:00,7883.0,7893.0,7882.0,7886.0,5.0,True,-5.0811459988385765,-4.173798499045973,-5.171880748817836,-4.8089417489007955
AG:15m:1:-1:1233:1243:1,AG,16,3777.0,2025-02-27 23:00:00,7886.0,7899.0,7870.0,7895.0,5.0,True,-4.8089417489007955,-3.6293899991704115,-6.26069774856896,-3.992328999087453
AG:15m:1:-1:1233:1243:1,AG,17,3778.0,2025-02-27 23:05:00,7895.0,7900.0,7885.0,7886.0,5.0,True,-3.992328999087453,-3.538655249191151,-4.899676498880056,-4.8089417489007955
AG:15m:1:-1:1233:1243:1,AG,18,3779.0,2025-02-27 23:10:00,7887.0,7896.0,7885.0,7892.0,5.0,True,-4.718206998921535,-3.9015942491081925,-4.899676498880056,-4.2645332490252335
AG:15m:1:-1:1233:1243:1,AG,19,3780.0,2025-02-27 23:15:00,7891.0,7895.0,7888.0,7891.0,5.0,True,-4.355267999004494,-3.992328999087453,-4.627472248942275,-4.355267999004494
AG:15m:1:-1:1233:1243:1,AG,20,3781.0,2025-02-27 23:20:00,7891.0,7906.0,7889.0,7900.0,5.0,True,-4.355267999004494,-2.9942467493155895,-4.5367374989630145,-3.538655249191151
AG:15m:1:-1:1233:1243:1,AG,21,3782.0,2025-02-27 23:25:00,7899.0,7902.0,7895.0,7899.0,5.0,True,-3.6293899991704115,-3.3571857492326305,-3.992328999087453,-3.6293899991704115
AG:15m:1:-1:1233:1243:1,AG,22,3783.0,2025-02-27 23:30:00,7899.0,7902.0,7892.0,7895.0,5.0,True,-3.6293899991704115,-3.3571857492326305,-4.2645332490252335,-3.992328999087453
AG:15m:1:-1:1233:1243:1,AG,23,3784.0,2025-02-27 23:35:00,7895.0,7903.0,7894.0,7899.0,5.0,True,-3.992328999087453,-3.2664509992533706,-4.083063749066713,-3.6293899991704115
AG:15m:1:-1:1233:1243:1,AG,24,3785.0,2025-02-27 23:40:00,7900.0,7900.0,7895.0,7896.0,5.0,True,-3.538655249191151,-3.538655249191151,-3.992328999087453,-3.9015942491081925
AG:15m:1:-1:1233:1243:2,AG,1,3768.0,2025-02-27 22:15:00,7936.0,7940.0,7933.0,7936.0,0.0,False,0.0,0.33879282952664636,-0.2540946221449848,0.0
AG:15m:1:-1:1233:1243:2,AG,2,3769.0,2025-02-27 22:20:00,7936.0,7940.0,7933.0,7933.0,5.0,True,0.0,0.33879282952664636,-0.2540946221449848,-0.2540946221449848
AG:15m:1:-1:1233:1243:2,AG,3,3770.0,2025-02-27 22:25:00,7932.0,7936.0,7929.0,7930.0,5.0,True,-0.33879282952664636,0.0,-0.5928874516716311,-0.5081892442899696
AG:15m:1:-1:1233:1243:2,AG,4,3771.0,2025-02-27 22:30:00,7931.0,7932.0,7921.0,7923.0,5.0,True,-0.42349103690830797,-0.33879282952664636,-1.2704731107249239,-1.1010766959616007
AG:15m:1:-1:1233:1243:2,AG,5,3772.0,2025-02-27 22:35:00,7922.0,7929.0,7920.0,7923.0,5.0,True,-1.1857749033432623,-0.5928874516716311,-1.3551713181065854,-1.1010766959616007
AG:15m:1:-1:1233:1243:2,AG,6,3773.0,2025-02-27 22:40:00,7923.0,7924.0,7909.0,7910.0,5.0,True,-1.1010766959616007,-1.0163784885799392,-2.286851599304863,-2.2021533919232015
AG:15m:1:-1:1233:1243:2,AG,7,3774.0,2025-02-27 22:45:00,7910.0,7910.0,7873.0,7885.0,5.0,True,-2.2021533919232015,-2.2021533919232015,-5.33598706504468,-4.319608576464741
AG:15m:1:-1:1233:1243:2,AG,8,3775.0,2025-02-27 22:50:00,7885.0,7886.0,7875.0,7883.0,5.0,True,-4.319608576464741,-4.23491036908308,-5.166590650281357,-4.4890049912280645
AG:15m:1:-1:1233:1243:2,AG,9,3776.0,2025-02-27 22:55:00,7883.0,7893.0,7882.0,7886.0,5.0,True,-4.4890049912280645,-3.6420229174114485,-4.573703198609726,-4.23491036908308
AG:15m:1:-1:1233:1243:2,AG,10,3777.0,2025-02-27 23:00:00,7886.0,7899.0,7870.0,7895.0,5.0,True,-4.23491036908308,-3.133833673121479,-5.590081687189665,-3.4726265026481253
AG:15m:1:-1:1233:1243:2,AG,11,3778.0,2025-02-27 23:05:00,7895.0,7900.0,7885.0,7886.0,5.0,True,-3.4726265026481253,-3.0491354657398175,-4.319608576464741,-4.23491036908308
AG:15m:1:-1:1233:1243:2,AG,12,3779.0,2025-02-27 23:10:00,7887.0,7896.0,7885.0,7892.0,5.0,True,-4.150212161701418,-3.3879282952664638,-4.319608576464741,-3.72672112479311
AG:15m:1:-1:1233:1243:2,AG,13,3780.0,2025-02-27 23:15:00,7891.0,7895.0,7888.0,7891.0,5.0,True,-3.8114193321747716,-3.4726265026481253,-4.065513954319757,-3.8114193321747716
AG:15m:1:-1:1233:1243:2,AG,14,3781.0,2025-02-27 23:20:00,7891.0,7906.0,7889.0,7900.0,5.0,True,-3.8114193321747716,-2.5409462214498477,-3.9808157469380947,-3.0491354657398175
AG:15m:1:-1:1233:1243:2,AG,15,3782.0,2025-02-27 23:25:00,7899.0,7902.0,7895.0,7899.0,5.0,True,-3.133833673121479,-2.879739050976494,-3.4726265026481253,-3.133833673121479
AG:15m:1:-1:1233:1243:2,AG,16,3783.0,2025-02-27 23:30:00,7899.0,7902.0,7892.0,7895.0,5.0,True,-3.133833673121479,-2.879739050976494,-3.72672112479311,-3.4726265026481253
